0.0  0.0
0.5  0.0
0.7285714285714285  0.04285714285714286
0.8142857142857143  0.32857142857142857
0.8714285714285714  0.4857142857142857
0.9428571428571428  0.6285714285714286
0.9857142857142858  0.7714285714285715
1.0  0.8338095238095243
1.0  0.8704761904761908
1.0  0.9114285714285719
1.0  0.9409523809523814
1.0  0.9528571428571433
1.0  0.9857142857142858
1.0  1.0
0.9871428571428574  0.9666666666666671
0.9666666666666671  0.9666666666666671
0.9666666666666671  0.9333333333333318
0.9666666666666671  0.9333333333333318
0.9666666666666671  0.8976190476190481
0.9666666666666671  0.7666666666666662
0.9666666666666671  0.8380952380952369
0.9666666666666671  0.8904761904761895
0.9666666666666671  0.792380952380952
0.9666666666666671  0.8152380952380957
1.0  0.7333333333333338
1.0  0.7361904761904767
1.0  0.7561904761904766
1.0  0.7000000000000007
1.0  0.7000000000000007
1.0  0.7000000000000007
1.0  0.6666666666666662
1.0  0.7000000000000007
1.0  0.7333333333333338
1.0  0.6995238095238102
1.0  0.7038095238095246
1.0  0.661428571428571
1.0  0.6514285714285711
1.0  0.6995238095238102
1.0  0.6990476190476197
1.0  0.6971428571428577
1.0  0.6980952380952387
0.9666666666666671  0.7023809523809523
0.9666666666666671  0.6671428571428567
0.9666666666666671  0.6671428571428568
1.0  0.6857142857142852
1.0  0.6666666666666662
1.0  0.633333333333333
1.0  0.633333333333333
1.0  0.6000000000000009
1.0  0.6000000000000009
1.0  0.633333333333333
1.0  0.6000000000000009
1.0  0.6000000000000009
1.0  0.5438095238095241
1.0  0.4666666666666659
1.0  0.44000000000000006
1.0  0.43428571428571444
1.0  0.39999999999999947
1.0  0.39999999999999947
1.0  0.39999999999999947
1.0  0.43047619047619057
1.0  0.4542857142857135
1.0  0.45809523809523733
1.0  0.3771428571428574
1.0  0.32190476190476197
1.0  0.23428571428571396
1.0  0.32666666666666655
1.0  0.30000000000000043
1.0  0.26666666666666683
1.0  0.23333333333333295
1.0  0.23333333333333295
1.0  0.23333333333333295
1.0  0.12428571428571418
1.0  0.10571428571428557
1.0  0.06666666666666671
1.0  0.13333333333333341
1.0  0.16666666666666655
1.0  0.16666666666666655
1.0  0.16666666666666655
1.0  0.16666666666666655
1.0  0.16714285714285704
1.0  0.13333333333333341
1.0  0.13333333333333341
1.0  0.16666666666666655
1.0  0.13333333333333341
1.0  0.13333333333333341
1.0  0.09999999999999987
1.0  0.09999999999999987
1.0  0.09999999999999987
1.0  0.06666666666666671
1.0  0.06666666666666671
1.0  0.06666666666666671
0.9666666666666671  0.09999999999999987
1.0  0.09999999999999987
1.0  0.09999999999999987
1.0  0.09999999999999987
1.0  0.06666666666666671
1.0  0.033333333333333354
1.0  0.033333333333333354
1.0  0.033333333333333354
1.0  0.033333333333333354
