-1.0  -1.0
-0.5328975847479889  -1.0
-0.319365052061355  -0.9599626501212563
-0.23929035230386728  -0.693046984262964
-0.18590721913220878  -0.5462433680409035
-0.1191783026676354  -0.41278553511175736
-0.07914095278889148  -0.27932770218261116
-0.06579516949597687  -0.1778170767957262
-0.06579516949597687  -0.045717444484099624
-0.06579516949597687  0.001642370430920396
-0.06579516949597687  0.0246727044986116
-0.06579516949597687  0.04221598815040806
-0.06579516949597687  -0.10607554243798813
-0.06579516949597687  -0.09035317770544742
-0.016368530501113178  0.062347968638854945
0.062347968638854945  0.062347968638854945
0.062347968638854945  0.14071375201644526
0.062347968638854945  0.14071375201644526
0.062347968638854945  0.1796969698952921
0.062347968638854945  0.3284832431793567
0.062347968638854945  0.2373428109046145
0.062347968638854945  0.16397919120034873
0.062347968638854945  0.2691760007288674
0.062347968638854945  0.2516372807219698
-0.06579516949597687  0.3288167532729631
-0.06579516949597687  0.3161403827855846
-0.06579516949597687  0.280446203777757
-0.06579516949597687  0.3745906030286189
-0.06579516949597687  0.3980893641917311
-0.06579516949597687  0.39559555810481484
-0.06579516949597687  0.40163370265815335
-0.06579516949597687  0.39709184175696455
-0.06579516949597687  0.36427414766774874
-0.06579516949597687  0.398549916026759
-0.06579516949597687  0.39409344151591486
-0.06579516949597687  0.4351122093832521
-0.06579516949597687  0.44444602722674637
-0.06579516949597687  0.398549916026759
-0.06579516949597687  0.3885177431717686
-0.06579516949597687  0.36646285061354583
-0.06579516949597687  0.335990955401971
0.062347968638854945  0.3769207918101274
0.062347968638854945  0.42881293442779117
0.062347968638854945  0.418624840612912
-0.06579516949597687  0.377347642008378
-0.06579516949597687  0.3967822294129727
-0.06579516949597687  0.428591913189926
-0.06579516949597687  0.4389795444822084
-0.06579516949597687  0.4910376393254226
-0.06579516949597687  0.4910376393254226
-0.06579516949597687  0.4612166375266067
-0.06579516949597687  0.4910376393254226
-0.06579516949597687  0.4910376393254226
-0.06579516949597687  0.5701022478260691
-0.06579516949597687  0.6261004781545094
-0.06579516949597687  0.60647895659749
-0.06579516949597687  0.600136467351101
-0.06579516949597687  0.6276295157459052
-0.06579516949597687  0.6276295157459052
-0.06579516949597687  0.6276295157459052
-0.06579516949597687  0.6080284130857195
-0.06579516949597687  0.6048221789627388
-0.06579516949597687  0.6122364652741215
-0.06579516949597687  0.6714545006923154
-0.06579516949597687  0.7083473853223257
-0.06579516949597687  0.7750711633636439
-0.06579516949597687  0.670753605847071
-0.06579516949597687  0.6813978023733711
-0.06579516949597687  0.7068037239343747
-0.06579516949597687  0.7121801524220461
-0.06579516949597687  0.710877281018904
-0.06579516949597687  0.7245864570824923
-0.06579516949597687  0.8380995210230661
-0.06579516949597687  0.8534768020061173
-0.06579516949597687  0.8829620719060627
-0.06579516949597687  0.832639928547298
-0.06579516949597687  0.8035055231144521
-0.06579516949597687  0.793692941850623
-0.06579516949597687  0.7848616187131773
-0.06579516949597687  0.7956554581033893
-0.06579516949597687  0.8054495936857133
-0.06579516949597687  0.8246332694372577
-0.06579516949597687  0.8204268181645269
-0.06579516949597687  0.8073769545097073
-0.06579516949597687  0.8389930373270029
-0.06579516949597687  0.8265470707774857
-0.06579516949597687  0.8508557449602704
-0.06579516949597687  0.8521131673967872
-0.06579516949597687  0.8389102318133581
-0.06579516949597687  0.8616776897142404
-0.06579516949597687  0.8616776897142404
-0.06579516949597687  0.8616776897142404
0.062347968638854945  0.8492970276309186
-0.06579516949597687  0.8484489284629261
-0.06579516949597687  0.8204067162163212
-0.06579516949597687  0.8363953869403237
-0.06579516949597687  0.8626020125785944
-0.06579516949597687  0.8910824998919769
-0.06579516949597687  0.8729073658365957
-0.06579516949597687  0.8608358436996959
-0.06579516949597687  0.863151175706341
