0.0  0.0
0.007142857142857144  0.0
0.010408163265306112  6.122448979591836E-4
0.011632653061224475  0.004693877551020409
0.012448979591836717  0.006938775510204083
0.01346938775510202  0.008979591836734689
0.0140816326530612  0.011020408163265294
0.014285714285714263  0.012040816326530597
0.014285714285714263  0.012857142857142838
0.014285714285714263  0.01346938775510202
0.014285714285714263  0.01387755102040814
0.014285714285714263  0.015510204081632633
0.014285714285714263  0.02795918367346934
0.014285714285714263  0.02693877551020404
0.014285714285714263  0.014285714285714263
0.014285714285714263  0.014285714285714263
0.014285714285714263  0.014285714285714263
0.014285714285714263  0.014285714285714263
0.014285714285714263  0.01918367346938774
0.014285714285714263  0.028367346938775462
0.014285714285714263  0.0271428571428571
0.014285714285714263  0.02836734693877547
0.014285714285714263  0.038775510204081605
0.014285714285714263  0.03367346938775506
0.014285714285714263  0.0424489795918367
0.014285714285714263  0.04653061224489791
0.014285714285714263  0.05183673469387747
0.014285714285714263  0.03795918367346937
0.014285714285714263  0.028367346938775462
0.014285714285714263  0.029387755102040777
0.014285714285714263  0.040408163265306093
0.014285714285714263  0.02877551020408159
0.014285714285714263  0.028367346938775462
0.014285714285714263  0.028367346938775462
0.014285714285714263  0.028367346938775462
0.014285714285714263  0.028367346938775462
0.014285714285714263  0.028367346938775462
0.014285714285714263  0.028367346938775462
0.014285714285714263  0.03265306122448978
0.014285714285714263  0.0424489795918367
0.014285714285714263  0.055714285714285626
0.014285714285714263  0.03510204081632647
0.014285714285714263  0.02877551020408159
0.014285714285714263  0.033061224489795905
0.014285714285714263  0.0424489795918367
0.014285714285714263  0.0424489795918367
0.014285714285714263  0.0424489795918367
0.014285714285714263  0.03795918367346937
0.014285714285714263  0.028367346938775462
0.014285714285714263  0.028367346938775462
0.014285714285714263  0.028367346938775462
0.014285714285714263  0.028367346938775462
0.014285714285714263  0.028367346938775462
0.014285714285714263  0.015102040816326505
0.014285714285714263  0.017551020408163243
0.014285714285714263  0.036938775510204074
0.014285714285714263  0.042448979591836696
0.014285714285714263  0.042448979591836696
0.014285714285714263  0.042448979591836696
0.014285714285714263  0.042448979591836696
0.014285714285714263  0.03999999999999996
0.014285714285714263  0.032040816326530594
0.014285714285714263  0.026938775510204037
0.014285714285714263  0.028979591836734653
0.014285714285714263  0.031428571428571375
0.014285714285714263  0.03163265306122447
0.014285714285714263  0.05061224489795911
0.014285714285714263  0.05653061224489787
0.014285714285714263  0.05693877551020399
0.014285714285714263  0.06979591836734694
0.014285714285714263  0.07061224489795918
0.014285714285714263  0.062040816326530496
0.014285714285714263  0.04326530612244894
0.014285714285714263  0.042448979591836696
0.014285714285714263  0.042448979591836696
0.014285714285714263  0.042448979591836696
0.014285714285714263  0.044897959183673425
0.014285714285714263  0.05102040816326523
0.014285714285714263  0.05653061224489787
0.014285714285714263  0.04979591836734687
0.014285714285714263  0.043469387755102
0.014285714285714263  0.04755102040816321
0.014285714285714263  0.05020408163265299
0.014285714285714263  0.04265306122448975
0.014285714285714263  0.03857142857142854
0.014285714285714263  0.04632653061224484
0.014285714285714263  0.04693877551020403
0.014285714285714263  0.046122448979591786
0.014285714285714263  0.05469387755102032
0.014285714285714263  0.05653061224489787
0.014285714285714263  0.05653061224489787
0.014285714285714263  0.05653061224489787
0.014285714285714263  0.04795918367346933
0.014285714285714263  0.048571428571428536
0.014285714285714263  0.06714285714285716
0.014285714285714263  0.0563265306122448
0.014285714285714263  0.05591836734693868
0.014285714285714263  0.05408163265306123
0.014285714285714263  0.066734693877551
0.014285714285714263  0.07530612244897958
0.014285714285714263  0.07367346938775507
