0.0  0.0
0.3450000000000001  0.0
0.5027142857142859  0.029571428571428568
0.5618571428571428  0.2267142857142856
0.6012857142857141  0.3351428571428572
0.6505714285714282  0.43371428571428594
0.6801428571428567  0.5322857142857144
0.6899999999999995  0.5842857142857149
0.6899999999999995  0.6298571428571432
0.6899999999999995  0.6600000000000006
0.6899999999999995  0.679428571428572
0.6899999999999995  0.6890000000000002
0.6899999999999995  0.6704285714285713
0.6899999999999995  0.6811428571428567
0.6938571428571425  0.7000000000000007
0.7000000000000007  0.7000000000000007
0.7000000000000007  0.7100000000000006
0.7000000000000007  0.7100000000000006
0.7000000000000007  0.7172857142857139
0.7000000000000007  0.7501428571428571
0.7000000000000007  0.7295714285714289
0.7000000000000007  0.7130000000000006
0.7000000000000007  0.7351428571428573
0.7000000000000007  0.7318571428571424
0.6899999999999995  0.7502857142857142
0.6899999999999995  0.746571428571429
0.6899999999999995  0.736857142857143
0.6899999999999995  0.7634285714285727
0.6899999999999995  0.7701428571428582
0.6899999999999995  0.7694285714285721
0.6899999999999995  0.7717142857142866
0.6899999999999995  0.7698571428571439
0.6899999999999995  0.7601428571428568
0.6899999999999995  0.7702857142857154
0.6899999999999995  0.7690000000000012
0.6899999999999995  0.7817142857142864
0.6899999999999995  0.7847142857142858
0.6899999999999995  0.7702857142857154
0.6899999999999995  0.7674285714285709
0.6899999999999995  0.761142857142857
0.6899999999999995  0.7515714285714284
0.7000000000000007  0.7647142857142855
0.7000000000000007  0.7797142857142864
0.7000000000000007  0.776714285714287
0.6899999999999995  0.7645714285714296
0.6899999999999995  0.7702857142857154
0.6899999999999995  0.7802857142857149
0.6899999999999995  0.7834285714285715
0.6899999999999995  0.8001428571428562
0.6899999999999995  0.8001428571428562
0.6899999999999995  0.7901428571428565
0.6899999999999995  0.8001428571428562
0.6899999999999995  0.8001428571428562
0.6899999999999995  0.8262857142857135
0.6899999999999995  0.8477142857142871
0.6899999999999995  0.8421428571428583
0.6899999999999995  0.8400000000000015
0.6899999999999995  0.8502857142857151
0.6899999999999995  0.8502857142857151
0.6899999999999995  0.8502857142857151
0.6899999999999995  0.8428571428571443
0.6899999999999995  0.8412857142857142
0.6899999999999995  0.8437142857142872
0.6899999999999995  0.8665714285714279
0.6899999999999995  0.8814285714285711
0.6899999999999995  0.9075714285714275
0.6899999999999995  0.8665714285714282
0.6899999999999995  0.8704285714285704
0.6899999999999995  0.8801428571428582
0.6899999999999995  0.8811428571428582
0.6899999999999995  0.8805714285714297
0.6899999999999995  0.8865714285714288
0.6899999999999995  0.9324285714285706
0.6899999999999995  0.9385714285714278
0.6899999999999995  0.9502857142857154
0.6899999999999995  0.9302857142857142
0.6899999999999995  0.9185714285714291
0.6899999999999995  0.9142857142857129
0.6899999999999995  0.9104285714285698
0.6899999999999995  0.915142857142858
0.6899999999999995  0.9194285714285725
0.6899999999999995  0.9267142857142859
0.6899999999999995  0.9248571428571434
0.6899999999999995  0.9201428571428577
0.6899999999999995  0.9329999999999994
0.6899999999999995  0.927571428571429
0.6899999999999995  0.9371428571428565
0.6899999999999995  0.937714285714285
0.6899999999999995  0.9317142857142857
0.6899999999999995  0.9404285714285706
0.6899999999999995  0.9404285714285706
0.6899999999999995  0.9404285714285706
0.7000000000000007  0.9364285714285704
0.6899999999999995  0.9359999999999995
0.6899999999999995  0.923000000000001
0.6899999999999995  0.9305714285714286
0.6899999999999995  0.9408571428571421
0.6899999999999995  0.9521428571428571
0.6899999999999995  0.9432857142857145
0.6899999999999995  0.9372857142857137
0.6899999999999995  0.9384285714285714
