0.25  0.25
0.34002183448208373  0.3333333333333333
0.36833346322797955  0.3754693949235441
0.3799426303854818  0.40148029097294535
0.3927128610067149  0.4142309923261608
0.4023254950856246  0.41950599318057735
0.40643944659129827  0.42159943858017696
0.41002323364242826  0.4202408414781144
0.41255148530983793  0.4165928130469315
0.4145773437134209  0.41135174697758486
0.4170081667008163  0.4059671902288483
0.4189935319816534  0.3999936686962231
0.42186239268794046  0.394918467950184
0.4237781056334932  0.3903052417401261
0.42495674265229433  0.385963364921347
0.4252556058758689  0.3819079276754208
0.425953198265559  0.3779250988611695
0.42644921554275955  0.37399868725185986
0.4265728817719021  0.3699536134500151
0.4273117803853563  0.3652249547074093
0.4276749220293536  0.3614942167030456
0.4276605246744947  0.3587233247472106
0.42752510887324324  0.35559209306151196
0.4269568070839298  0.35297704943194186
0.42720514246090197  0.35008062167227033
0.4275222658043982  0.34745670880657403
0.42768039784131356  0.34518880394166673
0.4279707074738633  0.34279293379132114
0.4281926087948024  0.3404281311638411
0.42824900234192587  0.33820337677811174
0.42821464553802013  0.3360080514440928
0.4281014335527213  0.33415874316950683
0.4277819505540203  0.3324292456967632
0.42734434813745475  0.3306476074474514
0.4271353291955623  0.3289287058368216
0.4267535902873655  0.32723935719007924
0.4266457569403741  0.32558038831035685
0.42648601494432276  0.3241075211143927
0.4263387867969178  0.3227301269299419
0.4262148826574233  0.32143786107685635
0.4262136647064507  0.3202743646346649
0.42579547656642003  0.31898642728680576
0.42541832269092766  0.31760596878936764
0.4250667085733823  0.3163143148330933
0.4250542345097237  0.31511646780486124
0.425059413990459  0.31391357101224804
0.42508886711051797  0.3127771943535167
0.42511012523574243  0.31169582624187864
0.42510978521464715  0.310635999057245
0.425194285493222  0.30960914594835826
0.4252953845420387  0.308627127887431
0.42534685920855003  0.30759097582527567
0.4253715723850617  0.3065780983619784
0.4254559434655203  0.30550832700606684
0.42555425525721535  0.30441579822390247
0.4257969628009516  0.3034096060769383
0.42607453343877927  0.3024213347614206
0.42638323143676665  0.3014162822960663
0.4266664610595699  0.30045089029035305
0.4269814129280634  0.2995118482141151
0.42726425972210774  0.29862435265147835
0.42759110452972837  0.2977487211975315
0.42788648775803484  0.2968905750617614
0.42814903979502206  0.2959797003261694
0.42839373215171156  0.29505421276593063
0.4286119475783448  0.29406588236191
0.428805286539702  0.29319129586751536
0.4290025716258866  0.29232382932513673
0.42920037835098085  0.29145721351839965
0.42936706129254937  0.2906126348611161
0.42951277494325074  0.2898005536947527
0.42964473413967175  0.28898265907244125
0.4297847236368724  0.28807434076739635
0.42995260930463985  0.28716604975929527
0.4301365601631015  0.28625500510093543
0.43030355926352115  0.2853978902268718
0.4304880203752444  0.2845736312273461
0.43061013107965024  0.28376707298040527
0.43077034008960524  0.28299111694340084
0.4309836797961742  0.28221852215885307
0.43117854080586765  0.2814563157832628
0.4313411393423229  0.2807060813197503
0.4314998286944223  0.2799859028726905
0.4316428274888635  0.27929533791796257
0.4318019843746388  0.27859309051265035
0.4319630739509599  0.27790984650409023
0.4320944119288452  0.27721584219238843
0.4322085573871076  0.27654494564394577
0.43234156038342014  0.27591057527169566
0.432438823307482  0.2752727045964616
0.43254961239132356  0.2746439733927717
0.43263155163177447  0.2740185390551118
0.4325761356060824  0.27341523959931224
0.43263309779928316  0.27282429581975315
0.43270028698801827  0.27227981833810044
0.432743481796551  0.2717421456507539
0.43278841536080187  0.27119879850412204
0.43286865175022743  0.2706369629628768
0.43294618548224933  0.27009974097401585
0.4329918464840248  0.2695545494038652
0.43305514405830997  0.26901564596260324
