0.0  0.0
0.3484848484848483  0.0
0.5077922077922074  0.02987012987012987
0.5675324675324669  0.22900432900432907
0.6073593073593067  0.33852813852813834
0.6571428571428564  0.4380952380952377
0.6870129870129862  0.5376623376623371
0.696969696969696  0.5893762699885152
0.696969696969696  0.6335718703065649
0.696969696969696  0.6638483965014587
0.696969696969696  0.6835586182524968
0.696969696969696  0.6937182531333599
0.696969696969696  0.6840091880908199
0.696969696969696  0.6942309391288974
0.6997128721618514  0.7040816326530623
0.7040816326530623  0.7040816326530623
0.7040816326530623  0.7113402061855675
0.7040816326530623  0.7113402061855675
0.7040816326530623  0.7184676989759465
0.7040816326530623  0.7472919937205645
0.7040816326530623  0.7306290670285556
0.7040816326530623  0.7180834928438316
0.7040816326530623  0.7391143473210348
0.7040816326530623  0.7348245544133656
0.696969696969696  0.7528874621009451
0.696969696969696  0.7513844107908593
0.696969696969696  0.7454339534007657
0.696969696969696  0.7622829417773235
0.696969696969696  0.7640823970037447
0.696969696969696  0.7638908750425597
0.696969696969696  0.7705627705627706
0.696969696969696  0.7640057882192707
0.696969696969696  0.7555939298796435
0.696969696969696  0.7642064302738454
0.696969696969696  0.763128909060718
0.696969696969696  0.7741641591651282
0.696969696969696  0.7768240606094149
0.696969696969696  0.7642064302738454
0.696969696969696  0.7635289226465114
0.696969696969696  0.762190357105118
0.696969696969696  0.7593950589640246
0.7040816326530623  0.7624105951304705
0.7040816326530623  0.7725649350649355
0.7040816326530623  0.7717812360053741
0.696969696969696  0.765245022315925
0.696969696969696  0.770189580534408
0.696969696969696  0.7791423225264449
0.696969696969696  0.7799404284568675
0.696969696969696  0.7907320426165649
0.696969696969696  0.7907320426165649
0.696969696969696  0.7816446484549926
0.696969696969696  0.7907320426165649
0.696969696969696  0.7907320426165649
0.696969696969696  0.808665233535275
0.696969696969696  0.8308551278283871
0.696969696969696  0.8362661311136915
0.696969696969696  0.8372619047619039
0.696969696969696  0.8481555153707045
0.696969696969696  0.8481555153707045
0.696969696969696  0.8481555153707045
0.696969696969696  0.8388007054673716
0.696969696969696  0.8325700090334237
0.696969696969696  0.8321483689306194
0.696969696969696  0.8573585716518196
0.696969696969696  0.8759325057658384
0.696969696969696  0.9060555442660699
0.696969696969696  0.8714976076555039
0.696969696969696  0.8800676691729333
0.696969696969696  0.8919119197475373
0.696969696969696  0.9029299847793005
0.696969696969696  0.9028538812785395
0.696969696969696  0.9036519396108451
0.696969696969696  0.947542174114484
0.696969696969696  0.9549124098800227
0.696969696969696  0.9710263235729085
0.696969696969696  0.9436843281913694
0.696969696969696  0.9304158283031535
0.696969696969696  0.929996646545944
0.696969696969696  0.9296193829644549
0.696969696969696  0.9300804828973851
0.696969696969696  0.930326020047225
0.696969696969696  0.943396528237749
0.696969696969696  0.9432480597872946
0.696969696969696  0.930562254807384
0.696969696969696  0.9438967136150224
0.696969696969696  0.9434658746127553
0.696969696969696  0.956965394853593
0.696969696969696  0.9570008873114454
0.696969696969696  0.9566282165039939
0.696969696969696  0.9706065034709525
0.696969696969696  0.9706065034709525
0.696969696969696  0.9706065034709525
0.7040816326530623  0.9569207793343905
0.696969696969696  0.9568920611722939
0.696969696969696  0.9560723419802695
0.696969696969696  0.9565572315882885
0.696969696969696  0.9706247716477886
0.696969696969696  0.9851203303573806
0.696969696969696  0.9849211294997074
0.696969696969696  0.9847839085665572
0.696969696969696  0.9848098434525675
