0.0  0.0
0.4082840236686388  0.0
0.5949281487743022  0.03499577345731192
0.664919695688926  0.26830092983939124
0.7115807269653418  0.3966187658495348
0.7699070160608616  0.5132713440405745
0.8049027895181735  0.6299239222316141
0.8165680473372775  0.6895694964376275
0.8165680473372775  0.7392162782272669
0.8165680473372775  0.774489795918367
0.8165680473372775  0.7976814394396806
0.8165680473372775  0.8089881461566658
0.8165680473372775  0.7980598156422337
0.8165680473372775  0.8103288652739207
0.8184428209153479  0.821428571428571
0.821428571428571  0.821428571428571
0.821428571428571  0.8263473053892204
0.821428571428571  0.8263473053892204
0.821428571428571  0.8293090290635666
0.821428571428571  0.8448223733938026
0.821428571428571  0.8344341655202084
0.821428571428571  0.8258023956761152
0.821428571428571  0.835589575172592
0.821428571428571  0.8346816996471844
0.8165680473372775  0.842973944294698
0.8165680473372775  0.8404366985407503
0.8165680473372775  0.8345943657838057
0.8165680473372775  0.8505851444948641
0.8165680473372775  0.8554481132075467
0.8165680473372775  0.8549306384841966
0.8165680473372775  0.8547471233918055
0.8165680473372775  0.8552411233182067
0.8165680473372775  0.8501020408163275
0.8165680473372775  0.855525450089278
0.8165680473372775  0.8548429890523686
0.8165680473372775  0.8617255165130824
0.8165680473372775  0.8633681573864946
0.8165680473372775  0.855525450089278
0.8165680473372775  0.8534303783161464
0.8165680473372775  0.8487712773313177
0.8165680473372775  0.841806705750912
0.821428571428571  0.8517376073731988
0.821428571428571  0.8605786618444838
0.821428571428571  0.8584017691572313
0.8165680473372775  0.8506431109361922
0.8165680473372775  0.8537105078264471
0.8165680473372775  0.8591820069527069
0.8165680473372775  0.8614661347145425
0.8165680473372775  0.8718975292223686
0.8165680473372775  0.8718975292223686
0.8165680473372775  0.8663445479780248
0.8165680473372775  0.8718975292223686
0.8165680473372775  0.8718975292223686
0.8165680473372775  0.8881176887628501
0.8165680473372775  0.9003095975232184
0.8165680473372775  0.8951861109727954
0.8165680473372775  0.8933736991485327
0.8165680473372775  0.8995385107062966
0.8165680473372775  0.8995385107062966
0.8165680473372775  0.8995385107062966
0.8165680473372775  0.8953137811415948
0.8165680473372775  0.8951634715928894
0.8165680473372775  0.8970979376762892
0.8165680473372775  0.9106413618383035
0.8165680473372775  0.9197878302404452
0.8165680473372775  0.9361670265649956
0.8165680473372775  0.9087659664716157
0.8165680473372775  0.9106646872258592
0.8165680473372775  0.916771906254664
0.8165680473372775  0.9163596966413873
0.8165680473372775  0.9159263271939332
0.8165680473372775  0.9204736968821462
0.8165680473372775  0.9520498824206167
0.8165680473372775  0.9562067517082704
0.8165680473372775  0.9642401996769928
0.8165680473372775  0.9505658061846259
0.8165680473372775  0.9425917205359812
0.8165680473372775  0.9393809666509698
0.8165680473372775  0.9364912881544594
0.8165680473372775  0.9400231174279716
0.8165680473372775  0.9432437904718388
0.8165680473372775  0.947886533152983
0.8165680473372775  0.9464987697206545
0.8165680473372775  0.9437405567162833
0.8165680473372775  0.9525721706123268
0.8165680473372775  0.9485307794079578
0.8165680473372775  0.9549992658934064
0.8165680473372775  0.9554279841432967
0.8165680473372775  0.9509264425194528
0.8165680473372775  0.9568434693239207
0.8165680473372775  0.9568434693239207
0.8165680473372775  0.9568434693239207
0.821428571428571  0.9544618478035627
0.8165680473372775  0.9541278494506963
0.8165680473372775  0.9443015028970625
0.8165680473372775  0.9500690060196731
0.8165680473372775  0.9571651995174056
0.8165680473372775  0.9650910253025362
0.8165680473372775  0.9583593181974646
0.8165680473372775  0.9537619918020829
0.8165680473372775  0.9546345378887048
