0.0  0.0
0.3086580086580086  0.0
0.5077922077922074  0.06969696969696972
0.5874458874458868  0.29870129870129863
0.6471861471861464  0.29870129870129863
0.6770562770562762  0.38831168831168805
0.6770562770562762  0.557575757575757
0.6770562770562762  0.5774891774891768
0.6770562770562762  0.6173160173160166
0.6870129870129862  0.6571428571428564
0.696969696969696  0.6770562770562762
0.696969696969696  0.6770562770562762
0.696969696969696  0.696969696969696
0.696969696969696  0.696969696969696
0.696969696969696  0.696969696969696
0.696969696969696  0.696969696969696
0.696969696969696  0.696969696969696
0.696969696969696  0.696969696969696
0.696969696969696  0.696969696969696
0.696969696969696  0.696969696969696
0.696969696969696  0.696969696969696
0.696969696969696  0.696969696969696
0.696969696969696  0.696969696969696
0.696969696969696  0.696969696969696
0.696969696969696  0.696969696969696
0.696969696969696  0.696969696969696
0.696969696969696  0.696969696969696
0.7040816326530623  0.696969696969696
0.7040816326530623  0.696969696969696
0.696969696969696  0.7007288629737619
0.7040816326530623  0.7032815398886837
0.7040816326530623  0.7085686483724573
0.696969696969696  0.7234458486642129
0.696969696969696  0.7238201887697968
0.696969696969696  0.71875
0.7018464528668613  0.7263157894736856
0.7032688400035345  0.7262326027835557
0.7030656418411526  0.7246104623260273
0.7014400565420975  0.7225846531221662
0.6996385058240722  0.7234458486642128
0.717911807580175  0.7158317669172936
0.7263157894736856  0.7234458486642128
0.7263157894736856  0.7150119980803066
0.7263157894736856  0.7110883935989598
0.7263157894736856  0.7098097852730666
0.71875  0.7166805010924425
0.7263157894736856  0.7153042142523215
0.7263157894736856  0.7253154885142457
0.7263157894736856  0.7254027028871742
0.7263157894736856  0.7254453620913242
0.7263157894736856  0.727826020903561
0.7113402061855675  0.7345054945054953
0.7113402061855675  0.7254027028871742
0.7113402061855675  0.7346720360384962
0.733269876819708  0.7441564018289544
0.7326075827867538  0.7353409323595664
0.7316141417373219  0.7369590537693129
0.7340425531914881  0.7391705069124428
0.7340425531914881  0.7451298820982687
0.7340425531914881  0.7349974826482545
0.7340425531914881  0.7470512820512819
0.7340425531914881  0.7342543171114607
0.7340425531914881  0.7275338282901905
0.7419354838709679  0.736303779036699
0.7419354838709679  0.7362898724556907
0.738623271889401  0.7365504061156242
0.75  0.7330792238436642
0.75  0.7385152615367007
0.75  0.7390485291106413
0.7419354838709679  0.7456078841793129
0.7425824175824175  0.7413692656549807
0.75  0.7425958623149637
0.75  0.7427795612627077
0.7340425531914881  0.7414443795904477
0.7419354838709679  0.7223966509680788
0.7419354838709679  0.729117174959872
0.7475155279503107  0.7274165815457957
0.7486024844720498  0.7311010992752573
0.7356865052129297  0.7308639768471236
0.7361783835016508  0.7263375731634159
0.733545772461353  0.7312196604893242
0.7391154077339217  0.7445476936856241
0.7391705069124428  0.7606818702548458
0.7538147566718988  0.766011761561081
0.7470599276499892  0.7754140883027355
0.7313371870785863  0.7672313643866071
0.7312236493773908  0.7889954541910793
0.7312236493773908  0.793965808480311
0.7312236493773908  0.802606787972641
0.7312236493773908  0.8027718565577313
0.7312236493773908  0.8035934679484485
0.7312236493773908  0.8149116014969677
0.7312236493773908  0.814343786295006
0.7284455992417554  0.8149116014969677
0.7312236493773908  0.8147696476964773
0.7312236493773908  0.8004072037278027
0.7312236493773908  0.8149116014969677
0.7312236493773908  0.8138664996804874
0.7312236493773908  0.7946430968421357
0.7312236493773908  0.7963194629077665
0.7312236493773908  0.8117433527560103
