0.0  0.0
0.36162299239222295  0.0
0.5949281487743022  0.08165680473372781
0.6882502113271339  0.34995773457311896
0.7582417582417577  0.34995773457311896
0.7932375316990695  0.45494505494505466
0.7932375316990695  0.6532544378698221
0.7932375316990695  0.6765849535080299
0.7932375316990695  0.7232459847844458
0.8049027895181735  0.7699070160608616
0.8165680473372775  0.7932375316990695
0.8165680473372775  0.7932375316990695
0.8165680473372775  0.8165680473372775
0.8165680473372775  0.8165680473372775
0.8165680473372775  0.8165680473372775
0.8165680473372775  0.8165680473372775
0.8165680473372775  0.8165680473372775
0.8165680473372775  0.8165680473372775
0.8165680473372775  0.8165680473372775
0.8165680473372775  0.8165680473372775
0.8165680473372775  0.8165680473372775
0.8165680473372775  0.8165680473372775
0.8165680473372775  0.8165680473372775
0.8165680473372775  0.8165680473372775
0.8165680473372775  0.8165680473372775
0.8165680473372775  0.8165680473372775
0.8165680473372775  0.8165680473372775
0.821428571428571  0.8165680473372775
0.821428571428571  0.8165680473372775
0.8165680473372775  0.819137181499818
0.821428571428571  0.8208781024350992
0.821428571428571  0.8238221246221594
0.8165680473372775  0.8293696547355077
0.8165680473372775  0.8302819132087419
0.8165680473372775  0.8313253012048202
0.819900978142736  0.8363636363636361
0.8208730829609946  0.8361609122584729
0.8207342108441006  0.8322077922077917
0.8196232339089478  0.8287987299212681
0.8183841952612098  0.8293696547355077
0.8307597737890345  0.8243436081990313
0.8363636363636361  0.8293696547355077
0.8363636363636361  0.8223989019110984
0.8363636363636361  0.8131322804583324
0.8363636363636361  0.8101269746264514
0.8313253012048202  0.8131309190639291
0.8363636363636361  0.8098695807418138
0.8363636363636361  0.8199772421045718
0.8363636363636361  0.8201879785730722
0.8363636363636361  0.8202920459649243
0.8363636363636361  0.826108327804017
0.8263473053892204  0.8279192546583862
0.8263473053892204  0.8201879785730722
0.8263473053892204  0.8283350038888329
0.8409534368070958  0.8367675704408087
0.8405163129553377  0.83000186225859
0.8398606271777005  0.8340473962620819
0.8414634146341469  0.8396078813256728
0.8414634146341469  0.8394872112853276
0.8414634146341469  0.8338609755076367
0.8414634146341469  0.8442034736599958
0.8414634146341469  0.8272937000887322
0.8414634146341469  0.8253887943646473
0.8466257668711649  0.8323998214422638
0.8466257668711649  0.8319251134355233
0.8444399860616871  0.8330189402653164
0.851851851851853  0.833825447267064
0.851851851851853  0.83796033019572
0.851851851851853  0.8393002289482621
0.8466257668711649  0.840491348713398
0.8465098982303565  0.8356998669032824
0.851851851851853  0.8325615851786135
0.851851851851853  0.8311775819714077
0.8414634146341469  0.8298674042103105
0.8466257668711649  0.8129214729370009
0.8466257668711649  0.8171563342318057
0.8490299823633164  0.8160749406251527
0.8502645502645512  0.8184019698158698
0.84059340330476  0.8182541198949126
0.8409899318099224  0.8154052367304695
0.8383702785318818  0.8184758947763484
0.8407082805855813  0.8261918199513948
0.8396078813256729  0.8400630504436036
0.8489707187222724  0.8451984321411075
0.8446733927065195  0.8466880548745542
0.8345309415213144  0.8405446545863994
0.8344573651696193  0.8539518678284713
0.8344573651696193  0.8591082365960753
0.8344573651696193  0.861355375192948
0.8344573651696193  0.8643192190318683
0.8344573651696193  0.8679271708683485
0.8344573651696193  0.8744896180849491
0.8344573651696193  0.8741609819250123
0.8326403881917865  0.8744896180849491
0.8344573651696193  0.8744074590449649
0.8344573651696193  0.8660622143594285
0.8344573651696193  0.8744896180849491
0.8344573651696193  0.8733572292632646
0.8344573651696193  0.8567425820101486
0.8344573651696193  0.8577137233422474
0.8344573651696193  0.8646260765028709
