0.25  0.25
0.3250816731835029  0.3333333333333333
0.36221847092228204  0.3805693156714977
0.3925053835800523  0.42445545115788813
0.4107967079594794  0.45196493945342037
0.4209238264923348  0.47279270628694
0.4292369833706827  0.49145435453144304
0.43358696466060476  0.5079918228743044
0.43508279300084096  0.521496562204147
0.43628308210055905  0.5322983471840723
0.43727139611497795  0.5415115798014607
0.43670120755144504  0.549382177584427
0.4350511197992433  0.5560589605224212
0.4323829979823943  0.5618455057353499
0.42934969414695195  0.5669087327966625
0.4261291154918565  0.571376286086056
0.42265060207288957  0.5755254484033504
0.4190909657054958  0.5794217201561662
0.4156804856144877  0.5821593132638019
0.41258043524047694  0.5824411865105963
0.4097622076277398  0.5787998005124845
0.4073474505187741  0.5731831146500601
0.40520313645771006  0.5670214110582634
0.40328989718262076  0.5607697796218495
0.4015186787242658  0.5537952753377401
0.40006703590243614  0.5463059224443395
0.398877754204425  0.5386148281846631
0.3978489613590255  0.531185755383647
0.39689156668578107  0.5241612606455591
0.39625802507290625  0.517229068277107
0.39569748683771205  0.5105743211339245
0.39509894949032803  0.5039034125774877
0.39473570861725243  0.497201991235787
0.3944477359314245  0.49094073114639536
0.39423419130115195  0.48521832343006216
0.39403187941413753  0.4797830993344627
0.3937646707868442  0.47465073657409257
0.39351723829064894  0.4698116629812291
0.3933637107938614  0.4652173569003668
0.3932959601185241  0.46078619595442305
0.3929351291227226  0.4565910559226675
0.3925066406097503  0.45252675684652344
0.39208474020554074  0.4485633026811987
0.3916733805396142  0.4447629884223198
0.39125984660019947  0.4410829649631214
0.3910566415202966  0.4375543559375656
0.39084291980635794  0.4341645921862867
0.39071886987192717  0.4309044560765128
0.3906712649089535  0.4277257261396595
0.3906098592869829  0.42464906941678726
0.3905525326556132  0.4217038164788469
0.39064575075591557  0.4188999400635648
0.39075688460303054  0.41620506867212953
0.39085500054217875  0.4135189780766424
0.39071429043283606  0.41087437654694
0.3906030399856232  0.40838255148062985
0.39052830915157566  0.40595735327097393
0.39041089373585536  0.40354303371404937
0.39028531562143404  0.40115462984775585
0.3901657448031104  0.39889636470917694
0.39006190042297806  0.3966178800193466
0.3899807914655061  0.39445226405037237
0.389916305996219  0.3923747847075694
0.38978207509655177  0.39033174786691144
0.3896736786222772  0.38829235422816083
0.3896662416744347  0.3862853851226531
0.3895570696315064  0.3843768140091675
0.3894642993418114  0.38250981076286383
0.38940113962324124  0.38068979767601957
0.38944785473648474  0.37891149267279206
0.3895656142885861  0.3772051869532354
0.3897182633032977  0.3754971869257719
0.38986340411410064  0.37381255617851694
0.3901273970611937  0.37216643374535596
0.3903259587056665  0.37062417851257107
0.39053725418228374  0.36912381814553125
0.39071653346057206  0.3676413774216367
0.39087776655293255  0.36616579219542317
0.391167389430155  0.36473318068594474
0.3914439442299544  0.36335158507773696
0.3917548096439227  0.3619814043107987
0.39203416591527457  0.3606012669566837
0.3923334854709157  0.3591963600239633
0.3925117740408853  0.35779262109454535
0.39265433526747706  0.3564216467530334
0.3929254352520833  0.35511137322116165
0.39321743905469836  0.3537892597614246
0.39349659482911264  0.35244656030299715
0.3937704338157617  0.35109274189812395
0.3940402020174021  0.3497691375638578
0.39432152696143447  0.3484872334183919
0.3945926807227592  0.34722074579428114
0.39484567769312723  0.345988705202093
0.3951233850964495  0.3447768285483204
0.3953992712409237  0.3435893453371246
0.3956791007386157  0.3424520137855116
0.39595978736109705  0.34130040800842704
0.39623359334037045  0.3401700593728511
0.3965050901148181  0.33911332463370925
0.39677276883443285  0.3380716700711298
0.3970382657019628  0.33701993503566413
