0.0  0.0
0.006326530612244899  0.0
0.010408163265306112  0.0014285714285714286
0.012040816326530597  0.006122448979591838
0.01326530612244896  0.006122448979591838
0.01387755102040814  0.007959183673469386
0.01387755102040814  0.011428571428571415
0.01387755102040814  0.011836734693877535
0.01387755102040814  0.012653061224489778
0.0140816326530612  0.01346938775510202
0.014285714285714263  0.01387755102040814
0.014285714285714263  0.01387755102040814
0.014285714285714263  0.014285714285714263
0.014285714285714263  0.014285714285714263
0.014285714285714263  0.014285714285714263
0.014285714285714263  0.014285714285714263
0.014285714285714263  0.014285714285714263
0.014285714285714263  0.014285714285714263
0.014285714285714263  0.014285714285714263
0.014285714285714263  0.014285714285714263
0.014285714285714263  0.014285714285714263
0.014285714285714263  0.014285714285714263
0.014285714285714263  0.014285714285714263
0.014285714285714263  0.014285714285714263
0.014285714285714263  0.014285714285714263
0.014285714285714263  0.014285714285714263
0.014285714285714263  0.014285714285714263
0.014285714285714263  0.014285714285714263
0.014285714285714263  0.014285714285714263
0.014285714285714263  0.014285714285714263
0.014285714285714263  0.014285714285714263
0.014285714285714263  0.016122448979591815
0.014285714285714263  0.028367346938775462
0.014285714285714263  0.02653061224489792
0.014285714285714263  0.014285714285714263
0.014285714285714263  0.014285714285714263
0.014285714285714263  0.014693877551020385
0.014285714285714263  0.022653061224489755
0.014285714285714263  0.028367346938775462
0.014285714285714263  0.028367346938775462
0.014285714285714263  0.028367346938775462
0.014285714285714263  0.028367346938775462
0.014285714285714263  0.03224489795918365
0.014285714285714263  0.050612244897959104
0.014285714285714263  0.05653061224489787
0.014285714285714263  0.0604081632653061
0.014285714285714263  0.06673469387755102
0.014285714285714263  0.056938775510204
0.014285714285714263  0.05653061224489787
0.014285714285714263  0.0563265306122448
0.014285714285714263  0.04489795918367342
0.014285714285714263  0.051428571428571344
0.014285714285714263  0.05653061224489787
0.014285714285714263  0.05061224489795911
0.014285714285714263  0.04428571428571424
0.014285714285714263  0.047346938775510154
0.014285714285714263  0.039387755102040796
0.014285714285714263  0.028367346938775462
0.014285714285714263  0.03877551020408162
0.014285714285714263  0.0365306122448979
0.014285714285714263  0.029591836734693844
0.014285714285714263  0.05265306122448971
0.014285714285714263  0.046326530612244864
0.014285714285714263  0.042653061224489766
0.014285714285714263  0.04387755102040812
0.014285714285714263  0.041428571428571405
0.014285714285714263  0.033265306122448955
0.014285714285714263  0.031632653061224425
0.014285714285714263  0.028979591836734653
0.014285714285714263  0.036938775510204025
0.01571428571428569  0.0424489795918367
0.014285714285714263  0.05265306122448971
0.014285714285714263  0.05653061224489787
0.014285714285714263  0.05775510204081626
0.014285714285714263  0.07061224489795918
0.014285714285714263  0.07061224489795918
0.01755102040816324  0.07061224489795918
0.01612244897959181  0.07061224489795918
0.019591836734693856  0.07061224489795918
0.019387755102040796  0.07061224489795918
0.02183673469387752  0.07061224489795918
0.025306122448979552  0.07204081632653062
0.028367346938775462  0.06204081632653056
0.028367346938775462  0.057346938775510115
0.028367346938775462  0.0675510204081633
0.028367346938775462  0.0706122448979592
0.028367346938775462  0.06938775510204083
0.028367346938775462  0.06408163265306127
0.028367346938775462  0.07061224489795918
0.028367346938775462  0.06387755102040808
0.028367346938775462  0.05653061224489787
0.028367346938775462  0.05653061224489787
0.028367346938775462  0.05653061224489787
0.028367346938775462  0.05653061224489787
0.028367346938775462  0.05653061224489787
0.028367346938775462  0.05653061224489787
0.028367346938775462  0.05653061224489787
0.028367346938775462  0.05775510204081626
0.028367346938775462  0.0706122448979592
0.028367346938775462  0.0706122448979592
0.028367346938775462  0.07510204081632652
