-1.0  -1.0
-0.5862807179196471  -1.0
-0.3193650520613549  -0.9065795169495978
-0.21259878571803803  -0.5996265012125617
-0.13252408596055018  -0.5996265012125617
-0.09248673608180609  -0.4795144515763304
-0.09248673608180609  -0.252636135596782
-0.09248673608180609  -0.22594456901095264
-0.09248673608180609  -0.1725614358392942
-0.07914095278889148  -0.1191783026676354
-0.06579516949597687  -0.0924867360818061
-0.06579516949597687  -0.0924867360818061
-0.06579516949597687  -0.06579516949597687
-0.06579516949597687  -0.06579516949597687
-0.06579516949597687  -0.06579516949597687
-0.06579516949597687  -0.06579516949597687
-0.06579516949597687  -0.06579516949597687
-0.06579516949597687  -0.06579516949597687
-0.06579516949597687  -0.06579516949597687
-0.06579516949597687  -0.06579516949597687
-0.06579516949597687  -0.06579516949597687
-0.06579516949597687  -0.06579516949597687
-0.06579516949597687  -0.06579516949597687
-0.06579516949597687  -0.06579516949597687
-0.06579516949597687  -0.06579516949597687
-0.06579516949597687  -0.06579516949597687
-0.06579516949597687  -0.06579516949597687
0.062347968638854945  -0.06579516949597687
0.062347968638854945  -0.06579516949597687
-0.06579516949597687  0.0019376320895771197
0.062347968638854945  0.044326229609897023
0.062347968638854945  0.10832727972936933
-0.06579516949597687  0.202837922879802
-0.06579516949597687  0.20903033561211654
-0.06579516949597687  0.2004459314343183
0.022074410939336417  0.2503130871608796
0.04770303856630272  0.24893699544258746
0.04404180604816468  0.22210320693589145
0.01475194590306029  0.19637719165790593
-0.027443512643669957  0.202837922879802
0.19255461927457757  0.15090582485563878
0.2503130871608796  0.202837922879802
0.2503130871608796  0.1399216080933046
0.2503130871608796  0.09228670378132076
0.2503130871608796  0.07840040951499117
0.2004459314343183  0.12199926467034396
0.2503130871608796  0.10896400933841044
0.2503130871608796  0.17597084176646996
0.2503130871608796  0.17682512350009327
0.2503130871608796  0.17730734661096545
0.2503130871608796  0.20497227107671814
0.14071375201644526  0.23158271653336468
0.14071375201644526  0.17682512350009327
0.14071375201644526  0.23355666645751286
0.2896638749976737  0.2877236424713109
0.2859161809179791  0.2412583990805348
0.28029463979843705  0.26093034468922
0.2940361847573175  0.2901985741584253
0.2940361847573175  0.301017036043398
0.2940361847573175  0.25588059324205276
0.2940361847573175  0.3253183056813526
0.2940361847573175  0.22871882518392778
0.2940361847573175  0.20108304132301652
0.3335527037640101  0.2522366492533761
0.3335527037640101  0.2503960820632504
0.3145374505740541  0.25542398572543085
0.3700064349504768  0.25051265197409983
0.3700064349504768  0.2815265061675496
0.3700064349504768  0.2884862449406443
0.3335527037640101  0.3062543848883423
0.3335063467551241  0.27684309133230584
0.3700064349504768  0.2689255578728909
0.3700064349504768  0.26426970549914874
0.2940361847573175  0.2569101008357454
0.3335527037640101  0.14718715695790827
0.3335527037640101  0.18267294573047776
0.35162102203368323  0.17275058176050834
0.3596646401847804  0.19287262001463215
0.290495345594097  0.19172944550072377
0.2934107154700761  0.1679492454887163
0.2747974062610987  0.19344420727158632
0.2949717335757323  0.2545164190708518
0.2901985741584253  0.3326004945399745
0.35659949925304496  0.3590835376308327
0.32738863734073187  0.378809269476924
0.24927713659791353  0.3460804582937982
0.24868365254114272  0.4221520207949715
0.24868365254114272  0.4457520305879177
0.24868365254114272  0.46321944642778956
0.24868365254114272  0.4729201706891624
0.24868365254114272  0.4854822658907932
0.24868365254114272  0.5185122060861167
0.24868365254114272  0.5168644906437013
0.232299190953682  0.5185122060861167
0.24868365254114272  0.5181002772255129
0.24868365254114272  0.47577600976459544
0.24868365254114272  0.5185122060861167
0.24868365254114272  0.5137273578278431
0.24868365254114272  0.4388097432555284
0.24868365254114272  0.44394757033322985
0.24868365254114272  0.4842092057372642
