0.0  0.0
0.3055714285714286  0.0
0.5027142857142859  0.069
0.5815714285714285  0.2957142857142857
0.6407142857142855  0.2957142857142857
0.6702857142857139  0.38442857142857156
0.6702857142857139  0.552
0.6702857142857139  0.5717142857142856
0.6702857142857139  0.611142857142857
0.6801428571428567  0.6505714285714282
0.6899999999999995  0.6702857142857139
0.6899999999999995  0.6702857142857139
0.6899999999999995  0.6899999999999995
0.6899999999999995  0.6899999999999995
0.6899999999999995  0.6899999999999995
0.6899999999999995  0.6899999999999995
0.6899999999999995  0.6899999999999995
0.6899999999999995  0.6899999999999995
0.6899999999999995  0.6899999999999995
0.6899999999999995  0.6899999999999995
0.6899999999999995  0.6899999999999995
0.6899999999999995  0.6899999999999995
0.6899999999999995  0.6899999999999995
0.6899999999999995  0.6899999999999995
0.6899999999999995  0.6899999999999995
0.6899999999999995  0.6899999999999995
0.6899999999999995  0.6899999999999995
0.7000000000000007  0.6899999999999995
0.7000000000000007  0.6899999999999995
0.6899999999999995  0.6952857142857152
0.7000000000000007  0.6988571428571435
0.7000000000000007  0.7054285714285721
0.6899999999999995  0.7201428571428565
0.6899999999999995  0.7214285714285705
0.6899999999999995  0.7199999999999994
0.696857142857143  0.729999999999999
0.6988571428571432  0.7297142857142848
0.6985714285714288  0.7241428571428565
0.6962857142857142  0.7189999999999993
0.6937142857142855  0.7201428571428565
0.7188571428571423  0.7101428571428577
0.729999999999999  0.7201428571428565
0.729999999999999  0.7074285714285726
0.729999999999999  0.694571428571429
0.729999999999999  0.6904285714285711
0.7199999999999994  0.6977142857142852
0.729999999999999  0.6932857142857152
0.729999999999999  0.7101428571428577
0.729999999999999  0.710428571428572
0.729999999999999  0.7105714285714291
0.729999999999999  0.7185714285714281
0.7100000000000006  0.7239999999999994
0.7100000000000006  0.710428571428572
0.7100000000000006  0.7245714285714273
0.739  0.7389999999999998
0.738142857142857  0.726857142857142
0.7368571428571424  0.7324285714285715
0.7400000000000002  0.7401428571428573
0.7400000000000002  0.742714285714286
0.7400000000000002  0.7312857142857144
0.7400000000000002  0.7492857142857144
0.7400000000000002  0.7231428571428564
0.7400000000000002  0.717571428571428
0.75  0.7301428571428563
0.75  0.7295714285714276
0.7457142857142856  0.7309999999999993
0.7599999999999997  0.7302857142857133
0.7599999999999997  0.7378571428571431
0.7599999999999997  0.7397142857142859
0.75  0.7441428571428574
0.7501428571428571  0.7364285714285715
0.7599999999999997  0.7332857142857134
0.7599999999999997  0.7317142857142852
0.7400000000000002  0.7295714285714279
0.75  0.7005714285714292
0.75  0.7088571428571433
0.7554285714285714  0.7067142857142861
0.7574285714285713  0.7112857142857146
0.7397142857142851  0.7110000000000004
0.7404285714285709  0.7054285714285717
0.7359999999999991  0.7114285714285717
0.7414285714285708  0.7267142857142859
0.7401428571428574  0.7499999999999997
0.7579999999999998  0.758285714285714
0.7498571428571429  0.7635714285714292
0.7302857142857133  0.753142857142857
0.7301428571428561  0.7771428571428576
0.7301428571428561  0.7851428571428575
0.7301428571428561  0.7905714285714279
0.7301428571428561  0.7942857142857132
0.7301428571428561  0.7989999999999992
0.7301428571428561  0.810428571428572
0.7301428571428561  0.8098571428571434
0.7265714285714279  0.810428571428572
0.7301428571428561  0.8102857142857148
0.7301428571428561  0.7957142857142847
0.7301428571428561  0.810428571428572
0.7301428571428561  0.808714285714286
0.7301428571428561  0.7824285714285719
0.7301428571428561  0.7841428571428574
0.7301428571428561  0.7972857142857139
