0.0  0.0
0.44285714285714284  0.0
0.7285714285714285  0.1
0.8428571428571429  0.42857142857142855
0.9285714285714286  0.42857142857142855
0.9714285714285714  0.5571428571428572
0.9714285714285714  0.8
0.9714285714285714  0.8285714285714286
0.9714285714285714  0.8857142857142857
0.9857142857142858  0.9428571428571428
1.0  0.9714285714285714
1.0  0.9714285714285714
1.0  1.0
1.0  1.0
1.0  1.0
1.0  1.0
1.0  1.0
1.0  1.0
1.0  1.0
1.0  1.0
1.0  1.0
1.0  1.0
1.0  1.0
1.0  1.0
1.0  1.0
1.0  1.0
1.0  1.0
0.9666666666666671  1.0
0.9666666666666671  1.0
1.0  0.9823809523809531
0.9666666666666671  0.9704761904761912
0.9666666666666671  0.9442857142857126
1.0  0.866666666666667
1.0  0.866666666666667
1.0  0.899999999999999
0.9771428571428574  0.866666666666667
0.9704761904761909  0.866666666666667
0.9714285714285719  0.866666666666667
0.9790476190476193  0.8704761904761908
0.9876190476190475  0.866666666666667
0.903809523809523  0.899999999999999
0.866666666666667  0.866666666666667
0.866666666666667  0.899999999999999
0.866666666666667  0.899999999999999
0.866666666666667  0.899999999999999
0.899999999999999  0.866666666666667
0.866666666666667  0.866666666666667
0.866666666666667  0.8333333333333341
0.866666666666667  0.8333333333333341
0.866666666666667  0.8333333333333341
0.866666666666667  0.8333333333333341
0.9333333333333318  0.7999999999999989
0.9333333333333318  0.8333333333333341
0.9333333333333318  0.7999999999999989
0.8366666666666673  0.7666666666666662
0.8395238095238101  0.7999999999999989
0.8438095238095243  0.7999999999999989
0.8333333333333341  0.7999999999999989
0.8333333333333341  0.7671428571428566
0.8333333333333341  0.8104761904761898
0.8333333333333341  0.7666666666666662
0.8333333333333341  0.7999999999999989
0.8333333333333341  0.8333333333333341
0.7999999999999989  0.7999999999999989
0.7999999999999989  0.7990476190476181
0.8142857142857134  0.7999999999999989
0.7666666666666662  0.8214285714285712
0.7666666666666662  0.7999999999999989
0.7666666666666662  0.7999999999999989
0.7999999999999989  0.7666666666666662
0.7961904761904753  0.7795238095238091
0.7666666666666662  0.7661904761904756
0.7666666666666662  0.762380952380952
0.8333333333333341  0.7666666666666662
0.7999999999999989  0.8333333333333341
0.7999999999999989  0.8057142857142849
0.7742857142857135  0.8128571428571418
0.7709523809523803  0.7976190476190468
0.8219047619047621  0.7985714285714277
0.8200000000000003  0.8171428571428567
0.8290476190476195  0.7971428571428563
0.8028571428571428  0.7428571428571431
0.7999999999999989  0.6885714285714283
0.7404761904761907  0.6719047619047616
0.767619047619047  0.6304761904761907
0.8328571428571436  0.6580952380952377
0.8333333333333341  0.5809523809523816
0.8333333333333341  0.5666666666666671
0.8333333333333341  0.5333333333333337
0.8333333333333341  0.536666666666667
0.8333333333333341  0.5380952380952385
0.8333333333333341  0.5
0.8333333333333341  0.5019047619047619
0.8452380952380957  0.5
0.8333333333333341  0.5004761904761904
0.8333333333333341  0.5490476190476191
0.8333333333333341  0.5
0.8333333333333341  0.502857142857143
0.8333333333333341  0.5604761904761909
0.8333333333333341  0.554761904761905
0.8333333333333341  0.5004761904761904
