-1.0  -1.0
-0.6331928936014876  -1.0
-0.3792495122486714  -0.7178406873857597
-0.26638578720297534  -0.5485450998172156
-0.15352206215727943  -0.4074654435100954
-0.15352206215727943  -0.2946017184643994
-0.15352206215727943  -0.15352206215727943
-0.15352206215727943  -0.15352206215727943
-0.15352206215727943  -0.15352206215727943
-0.15352206215727943  -0.15352206215727943
-0.06234796863885499  -0.15352206215727943
-0.05078494645377401  -0.15352206215727943
-0.012792159274222278  -0.15352206215727943
-0.06234796863885499  -0.15352206215727943
-0.06234796863885499  -0.15352206215727943
-0.15352206215727943  -0.15352206215727943
-0.15352206215727943  -0.1383263799042087
-0.15352206215727943  -0.022703321147148812
-0.15352206215727943  -0.04839645591040679
-0.15352206215727943  -0.08654391659203302
-0.15352206215727943  -0.08654391659203302
-0.15352206215727943  -0.0476514711791244
-0.06234796863885499  -0.0476514711791244
-0.06234796863885499  -0.05662878462493266
-0.06234796863885499  -0.07868428017287443
-0.012792159274222278  -0.016095932248015435
-0.012792159274222278  -0.016095932248015435
-0.012792159274222278  0.010717847188495855
0.022271770159368695  0.010717847188495855
-0.04260336291926946  -0.029323594794440525
-0.13026498089943297  -0.07628647589138321
-0.08654391659203302  -0.10973235424961285
-0.138101559237192  -0.058038151003874265
-0.138101559237192  -0.0444740860841553
-0.15922499460570058  -0.0444740860841553
-0.14114069568780613  -0.03363165575372804
-0.138101559237192  -0.019205455667052323
-0.138101559237192  -0.019205455667052323
-0.21606136263336875  -0.03924784727391007
-0.21606136263336875  -0.15919872286237516
-0.21606136263336875  -0.12006549983388308
-0.21606136263336875  -0.041613168307635486
-0.21606136263336875  -0.019887888620360915
-0.21606136263336875  -0.07739864760893492
-0.21606136263336875  -0.1395889988297884
-0.21606136263336875  -0.20507488454135367
-0.21606136263336875  -0.20507488454135367
-0.21606136263336875  -0.22538903975182378
-0.21606136263336875  -0.32584661222120975
-0.21606136263336875  -0.3033977358807841
-0.21606136263336875  -0.32364965566988624
-0.21606136263336875  -0.3205268176772362
-0.21606136263336875  -0.4982211623191388
-0.21606136263336875  -0.6097789303614172
-0.21606136263336875  -0.6335542810295878
-0.21606136263336875  -0.5995227485468266
-0.21606136263336875  -0.5910504483387015
-0.21606136263336875  -0.5849926477540663
-0.21606136263336875  -0.6486208080040974
-0.21606136263336875  -0.6444752561684123
-0.21606136263336875  -0.6286149270443337
-0.138101559237192  -0.6256197008047633
-0.138101559237192  -0.6484757340961215
-0.138101559237192  -0.6621827037557902
-0.08654391659203302  -0.6982551248060529
-0.08654391659203302  -0.7423990756876208
-0.08654391659203302  -0.7531526339444138
-0.08654391659203302  -0.7482734367480113
-0.0476514711791244  -0.7381191883191711
-0.0476514711791244  -0.7553458784007319
-0.08654391659203302  -0.7519096974861522
-0.08654391659203302  -0.7588956637787978
-0.08654391659203302  -0.7872756429806098
-0.08654391659203302  -0.7970132493387971
-0.08654391659203302  -0.7490916308378451
-0.08654391659203302  -0.7338989506898403
-0.08654391659203302  -0.7315206596548489
-0.08654391659203302  -0.7600652332227215
-0.08654391659203302  -0.7598513747555814
-0.08654391659203302  -0.7746844536264411
-0.08654391659203302  -0.7620860262611228
-0.08654391659203302  -0.7615274683072436
-0.08654391659203302  -0.7424382944515723
-0.08654391659203302  -0.7598517944456062
-0.08654391659203302  -0.7729150130237842
-0.08654391659203302  -0.7649786863254222
-0.08654391659203302  -0.7593098815408778
-0.08654391659203302  -0.7683799691961487
-0.08654391659203302  -0.786427210818916
-0.08654391659203302  -0.7749495042494929
-0.08654391659203302  -0.7905215555936771
-0.08654391659203302  -0.7905215555936771
-0.08654391659203302  -0.791055188334326
-0.08654391659203302  -0.7749231507583209
-0.08654391659203302  -0.7749231507583209
-0.08654391659203302  -0.7749231507583209
-0.08654391659203302  -0.7687887217076721
-0.08654391659203302  -0.7628250198985417
-0.08654391659203302  -0.7356937197239611
-0.08654391659203302  -0.7339774367238199
-0.08654391659203302  -0.7178217689592582
