0.0  0.0
0.43333333333333335  0.0
0.7333333333333333  0.3333333333333333
0.8666666666666667  0.5333333333333333
1.0  0.7
1.0  0.8333333333333334
1.0  1.0
1.0  1.0
1.0  1.0
1.0  1.0
0.9857142857142865  1.0
0.9823809523809525  1.0
0.9714285714285714  1.0
0.9857142857142865  1.0
0.9857142857142865  1.0
1.0  1.0
1.0  0.997619047619048
1.0  0.9742857142857144
1.0  0.9714285714285714
1.0  0.9714285714285714
1.0  0.9714285714285714
1.0  0.9571428571428565
0.9857142857142865  0.9571428571428565
0.9857142857142865  0.9566666666666659
0.9857142857142865  0.9528571428571425
0.9714285714285714  0.942857142857143
0.9714285714285714  0.942857142857143
0.9714285714285714  0.928571428571428
0.9571428571428565  0.928571428571428
0.9790476190476194  0.928571428571428
0.9857142857142865  0.942857142857143
0.9714285714285714  0.942857142857143
0.9857142857142865  0.928571428571428
0.9857142857142865  0.928571428571428
0.9895238095238101  0.928571428571428
0.9861904761904771  0.9219047619047621
0.9857142857142865  0.9142857142857145
0.9857142857142865  0.9142857142857145
1.0  0.9185714285714288
1.0  0.9380952380952381
1.0  0.9214285714285709
1.0  0.8995238095238091
1.0  0.8861904761904762
1.0  0.8852380952380955
1.0  0.885714285714286
1.0  0.8999999999999996
1.0  0.8999999999999996
1.0  0.8999999999999996
1.0  0.928571428571428
1.0  0.9142857142857145
1.0  0.9142857142857145
1.0  0.9257142857142852
1.0  0.928571428571428
1.0  0.9380952380952381
1.0  0.9328571428571428
1.0  0.9142857142857145
1.0  0.928571428571428
1.0  0.9142857142857145
1.0  0.928571428571428
1.0  0.9319047619047613
1.0  0.9238095238095235
0.9857142857142865  0.9247619047619043
0.9857142857142865  0.9261904761904758
0.9857142857142865  0.9152380952380953
0.9714285714285714  0.9142857142857145
0.9714285714285714  0.9247619047619042
0.9714285714285714  0.9042857142857145
0.9714285714285714  0.8809523809523807
0.9571428571428565  0.8733333333333331
0.9571428571428565  0.8999999999999996
0.9714285714285714  0.8995238095238091
0.9714285714285714  0.8980952380952376
0.9714285714285714  0.8999999999999996
0.9714285714285714  0.8985714285714281
0.9714285714285714  0.8761904761904765
0.9714285714285714  0.8671428571428571
0.9714285714285714  0.8652380952380953
0.9714285714285714  0.8638095238095239
0.9714285714285714  0.8490476190476189
0.9714285714285714  0.8600000000000001
0.9714285714285714  0.8461904761904758
0.9714285714285714  0.8457142857142853
0.9714285714285714  0.8290476190476194
0.9714285714285714  0.844285714285714
0.9714285714285714  0.8552380952380949
0.9714285714285714  0.8485714285714283
0.9714285714285714  0.8438095238095235
0.9714285714285714  0.8514285714285711
0.9714285714285714  0.8666666666666667
0.9714285714285714  0.8571428571428574
0.9714285714285714  0.8699999999999997
0.9714285714285714  0.8699999999999997
0.9714285714285714  0.8704761904761902
0.9714285714285714  0.8571428571428574
0.9714285714285714  0.8571428571428574
0.9714285714285714  0.8571428571428574
0.9714285714285714  0.8519047619047618
0.9714285714285714  0.846666666666667
0.9714285714285714  0.8228571428571426
0.9714285714285714  0.8214285714285713
0.9714285714285714  0.806666666666667
