0.25  0.25
0.29768810751240543  0.3333333333333333
0.33028978911214407  0.3948184283661016
0.3471963715331179  0.4351732468675847
0.3632419383425236  0.4615904044535003
0.3772197281046266  0.4831658620023306
0.38664825081210535  0.5028453169576749
0.39235596331023015  0.5151519973658459
0.3967216756543012  0.5266308094496917
0.3977061120827127  0.5353646178066462
0.39751933813545515  0.5426580305658066
0.397015748663615  0.5481483064836035
0.3960558339004259  0.5525749042046436
0.3955647211319603  0.5555999767566475
0.39556789138048587  0.5566843536307338
0.39615695930182554  0.5564212281973698
0.3968706666871804  0.5551392467949142
0.3979140045847008  0.5524818954289558
0.39888787386218444  0.5492141462361678
0.3995104672094697  0.5460359511382582
0.4001129225018054  0.5430334817863035
0.40059365163963206  0.5397907477240685
0.40117284706490913  0.5366302275001159
0.4017814873435696  0.5335273166388359
0.40234374827967684  0.5305776138860112
0.4028279445859002  0.5273214725311817
0.40335726781493264  0.5243056869531015
0.403794087919014  0.5212619325133443
0.40409839633494143  0.5184820351429157
0.4048618782376707  0.51588117959159
0.40591524241978416  0.5136173150689134
0.4069868638450725  0.511576137545395
0.4081325155764413  0.5093224335598295
0.4091141896653423  0.5070889204993316
0.41009484497129683  0.5048625714802799
0.4109391447094221  0.5026164812726552
0.41176220581658757  0.5003434616204959
0.4125616509351228  0.49818761192412864
0.4135058497285066  0.49624104321440843
0.4143386719375801  0.49481230827187533
0.41513104542776963  0.4933387219010266
0.41581811282296327  0.4917167260829475
0.4164626852381275  0.490181855802298
0.41709208373842366  0.4887790010757035
0.4176658963364469  0.4876281252708242
0.4182817769292791  0.4866065785324296
0.4188617196025725  0.48557381386099707
0.4193476232331311  0.48464116995222684
0.4198948011113118  0.4840232314305416
0.4204950558598831  0.48339079407752567
0.4211494403386393  0.4828278661963119
0.4216960556333175  0.48224394474110976
0.42221306481797954  0.4822248343840286
0.4227335026133215  0.4825075194482324
0.42327237742594154  0.4829619304420174
0.4238178664435013  0.48328294341399286
0.4243405227108431  0.4834255678519823
0.42481032899012106  0.4835937451260253
0.4252675320636896  0.4839365019754529
0.4257152480275561  0.4842310681187478
0.42615622618731613  0.484486351075472
0.4265537739451867  0.48470162030871555
0.42693492066795924  0.4849419433152145
0.4273214421838136  0.48531014147928964
0.4277380417609533  0.48577154369909864
0.42812390843002995  0.4863262392060966
0.4284474527464108  0.4869301017395014
0.42878381022741263  0.48754386646633735
0.42902175582244567  0.48810491814439044
0.42924335003488434  0.48862656790411113
0.4294998402437329  0.4891313936246286
0.42974766438646045  0.489605802524907
0.43000477004711507  0.49016601549894356
0.4302244144697126  0.4907239255506181
0.4304564649718994  0.49115054899696603
0.4306840990764273  0.49155481513125776
0.4308916157215868  0.4919336451065494
0.43111163337459346  0.49238115438251895
0.4312667890712636  0.4927946668669761
0.4314072345551417  0.493098317274555
0.4315310606909421  0.4933846917845029
0.4316723978132735  0.4936740547475571
0.4318301251883796  0.49400302594155426
0.4320057382736065  0.49435966053052083
0.4321679548110583  0.4947190223188441
0.43232789242243813  0.49504929821177807
0.4324739196394936  0.49533305375551795
0.43260893251364047  0.4956576415103716
0.4327401908115613  0.4960269561594033
0.43287371040729294  0.49639841418444286
0.4329942050627138  0.4967858454260498
0.4331107746166736  0.4971647471573114
0.4332380198709415  0.4975263559065839
0.43337065327587887  0.49786215724623284
0.4334678937629367  0.49820658118725797
0.4335581447530054  0.4985222149936013
0.4336499700863507  0.49879645772294534
0.4337406818062538  0.4990752701998278
0.433810797018679  0.49930345041187685
0.4338786009257233  0.499546310130748
0.433948237958324  0.4997762072495072
