0.0  0.0
0.36666666666666664  0.0
0.8  0.03333333333333333
0.9  0.3
0.9666666666666667  0.43333333333333335
0.9666666666666667  0.6333333333333333
1.0  0.8
1.0  0.9
1.0  0.9333333333333333
1.0  0.9333333333333333
1.0  0.9666666666666667
1.0  0.9666666666666667
1.0  0.9666666666666667
1.0  0.9666666666666667
1.0  0.9666666666666667
1.0  0.9666666666666667
1.0  0.9666666666666667
1.0  0.9666666666666667
1.0  0.9666666666666667
1.0  0.9666666666666667
1.0  0.9666666666666667
1.0  0.9666666666666667
1.0  0.9666666666666667
1.0  0.9528571428571436
1.0  0.954285714285715
1.0  0.9571428571428572
1.0  0.939047619047619
1.0  0.939047619047619
1.0  0.939047619047619
1.0  0.9528571428571436
1.0  0.9528571428571436
0.9857142857142865  0.9271428571428565
0.9857142857142865  0.9209523809523803
0.9857142857142865  0.9152380952380952
0.9857142857142865  0.9114285714285715
0.9857142857142865  0.9114285714285715
0.9857142857142865  0.9114285714285715
0.9857142857142865  0.9252380952380946
0.9857142857142865  0.9252380952380946
0.9714285714285714  0.9252380952380946
0.9714285714285714  0.9252380952380946
0.9714285714285714  0.9252380952380946
0.9714285714285714  0.9252380952380946
0.9714285714285714  0.939047619047619
0.9838095238095245  0.9252380952380946
0.9685714285714279  0.9114285714285715
0.9571428571428565  0.9123809523809524
0.9571428571428565  0.926666666666666
0.9685714285714287  0.9280952380952374
0.9571428571428565  0.9271428571428565
0.9571428571428565  0.9280952380952374
0.9571428571428565  0.939047619047619
0.9714285714285714  0.939047619047619
0.9714285714285714  0.9252380952380946
0.9714285714285714  0.9252380952380946
0.9857142857142865  0.9252380952380946
0.9857142857142865  0.9252380952380946
0.9714285714285714  0.9252380952380946
0.9714285714285714  0.9009523809523805
0.9714285714285714  0.898571428571428
0.9714285714285714  0.9114285714285715
0.9714285714285714  0.9114285714285715
0.9714285714285714  0.9252380952380946
0.9714285714285714  0.8999999999999996
0.9571428571428565  0.9009523809523805
0.9571428571428565  0.9114285714285715
0.9714285714285714  0.9114285714285715
0.9571428571428565  0.8838095238095239
0.9571428571428565  0.8838095238095239
0.9571428571428565  0.8976190476190471
0.9571428571428565  0.8976190476190471
0.9571428571428565  0.9114285714285715
0.9571428571428565  0.9252380952380946
0.9571428571428565  0.9252380952380946
0.9571428571428565  0.9252380952380946
0.9571428571428565  0.9252380952380946
0.9857142857142865  0.9214285714285709
0.9857142857142865  0.910952380952381
0.9857142857142865  0.9114285714285715
0.9857142857142865  0.8976190476190471
0.9857142857142865  0.8976190476190471
1.0  0.8838095238095239
1.0  0.8838095238095239
1.0  0.8976190476190471
1.0  0.8976190476190471
1.0  0.8976190476190471
0.9857142857142865  0.8838095238095239
0.9857142857142865  0.8838095238095239
0.9857142857142865  0.8976190476190471
0.9857142857142865  0.8976190476190471
0.9857142857142865  0.8976190476190471
0.9857142857142865  0.8976190476190471
0.9857142857142865  0.8976190476190471
0.9857142857142865  0.8976190476190471
0.9857142857142865  0.8976190476190471
0.9857142857142865  0.8976190476190471
0.9857142857142865  0.8976190476190471
0.9857142857142865  0.8561904761904765
0.9857142857142865  0.856666666666667
0.9857142857142865  0.8561904761904765
0.9857142857142865  0.8561904761904765
