0.0  0.0
0.165993265993266  0.0
0.5077441077441074  0.23434343434343444
0.5760942760942759  0.3515151515151515
0.39057239057239046  0.25387205387205397
0.48821548821548794  0.41010101010100997
0.5858585858585857  0.5858585858585857
0.48821548821548794  0.48821548821548794
0.39057239057239046  0.39057239057239046
0.5858585858585857  0.5858585858585857
0.5858585858585857  0.5858585858585857
0.29292929292929304  0.29292929292929304
0.5858585858585857  0.5858585858585857
0.5858585858585857  0.5858585858585857
0.39057239057239046  0.39057239057239046
0.48821548821548794  0.48821548821548794
0.5858585858585857  0.5900767672950434
0.48821548821548794  0.49147295321637363
0.39057239057239046  0.3926174256563391
0.5858585858585857  0.5473456572957365
0.5858585858585857  0.5433168370480079
0.29292929292929304  0.2803363074811254
0.5858585858585857  0.5606726149622508
0.5858585858585857  0.55769353032547
0.39057239057239046  0.3718402388951098
0.49120456263313433  0.4648002986188872
0.5918367346938779  0.558446940962564
0.49319727891156495  0.447156756806126
0.3945578231292519  0.3409144237405105
0.5888476602762316  0.5211510633670519
0.5858585858585857  0.5284919096571082
0.29292929292929304  0.2726562326562325
0.5858585858585857  0.5573642664537667
0.5858585858585857  0.5777735590066088
0.39057239057239046  0.3926990752155417
0.49120456263313433  0.4904111338100101
0.5918367346938779  0.5791513449097715
0.49319727891156495  0.4721126728502989
0.39760852794726165  0.3325418887990849
0.6041666666666667  0.46958565971201893
0.6041666666666667  0.48960562067906843
0.30208333333333326  0.26817547875514347
0.6073464912280702  0.5531779402491733
0.6072426825224574  0.5730534985098612
0.4024663516609394  0.39043264653434956
0.5026417525773199  0.4763972476307966
0.6033361970217642  0.5691500123171434
0.5064640983903059  0.5026359846264087
0.40175498884668737  0.3984780578898225
0.5995990836197025  0.5991403476857489
0.5979381443298972  0.5809571619812584
0.29896907216494845  0.2969438730531885
0.5979381443298972  0.5923596826329712
0.5918367346938779  0.5478889283210466
0.3945578231292519  0.3549807706234585
0.49319727891156495  0.4797802057486116
0.5918367346938779  0.5858227848101265
0.49828178694158126  0.5012489181001837
0.4000940495568821  0.3928502071588927
0.6008753843371317  0.5779983260361292
0.6038126243443662  0.5941796042617958
0.30208333333333326  0.2899583574506398
0.6041666666666667  0.5811303003204411
0.6041666666666667  0.5967657798643715
0.41091452034341136  0.3915846771449956
0.5161910839785352  0.4917001583241998
0.6219053008866257  0.58737555769399
0.5145161290322575  0.5111792494095008
0.4181648480266843  0.41135479543930253
0.6290790088826554  0.5982664250342234
0.623213604819645  0.5865828986881616
0.31340969300296084  0.29917117117117115
0.626819386005922  0.5938758484511906
0.6260285179990653  0.6033471557682083
0.41723936418887336  0.3899553429027111
0.5238935639707027  0.4745528686581315
0.6288530465949821  0.5547510668563299
0.519713261648746  0.4704476055002368
0.41245329062762104  0.3796473560799446
0.6050146198830411  0.5590645439960509
0.6045906432748539  0.5538319141058865
0.30526315789473674  0.2807458143074581
0.6164276511457094  0.5614916286149169
0.6202280179974065  0.5679695106064974
0.4070175438596492  0.37399797057331324
0.5087719298245617  0.47164373277387006
0.6105263157894736  0.5765186975239067
0.5087719298245617  0.45366984515790404
0.4070175438596492  0.3620205239785726
0.6105263157894736  0.5382585734429456
0.6105263157894736  0.5495024875621889
0.30526315789473674  0.2740342405618964
0.6105263157894736  0.5476339337182179
0.6098903508771929  0.48266987243395504
0.41134751773049605  0.2830762688136433
0.5141843971631199  0.4131684464906961
0.6170212765957437  0.5205387492195388
0.5141843971631199  0.4290239021263337
0.41134751773049605  0.2535092305657638
0.6170212765957437  0.474396135265701
0.6236559139784953  0.0
