-1.0  -1.0
-0.6896247561243356  -1.0
-0.32281764972582344  -0.9717840687385759
-0.23816985594155138  -0.7460566186471838
-0.18173799341870336  -0.6331928936014876
-0.18173799341870336  -0.4638973060329435
-0.15352206215727943  -0.32281764972582333
-0.157835117362527  -0.23816985594155132
-0.16430470017039822  -0.20995392468012739
-0.1599916449651507  -0.20995392468012739
-0.1599916449651507  -0.18173799341870336
-0.16214817256777447  -0.18173799341870336
-0.16214817256777447  -0.18173799341870336
-0.16214817256777447  -0.21839896266330755
-0.16214817256777447  -0.20330326944494093
-0.1599916449651507  -0.18173799341870336
-0.1599916449651507  -0.18173799341870336
-0.1599916449651507  -0.18173799341870336
-0.1599916449651507  -0.22055549026593135
-0.15783511736252692  -0.242120766292169
-0.15567858975990317  -0.242120766292169
-0.2160613626333687  -0.242120766292169
-0.2160613626333687  -0.242120766292169
-0.22614485353790373  -0.16674443416997722
-0.26527418112382256  -0.2193580463894483
-0.2362283444424388  -0.2498143949066077
-0.2160613626333687  -0.1377810761139414
-0.2177419444507912  -0.1169076805707838
-0.21942252626821374  -0.1169076805707838
-0.246787781132175  -0.16674443416997722
-0.26527418112382256  -0.16674443416997722
-0.1964637861397934  -0.02651978449313248
-0.1964637861397934  -0.09492881630509602
-0.1619944310043414  -0.05342849792197483
-0.138101559237192  -0.13187919929583566
-0.138101559237192  -0.15256887511541148
-0.138101559237192  -0.15256887511541148
-0.138101559237192  -0.15532690720716308
-0.138101559237192  -0.11182767277701264
-0.08654391659203303  -0.07931605059805191
-0.08654391659203303  -0.021448540524816224
-0.08654391659203303  -0.08410726131436733
-0.08654391659203303  -0.13590805351773996
-0.08654391659203303  -0.2166204086843377
-0.1346703430441604  -0.18519305407320397
-0.11843024558685336  -0.13165012430342415
-0.10625017249387307  -0.1579532635530357
-0.10625017249387307  -0.2332433821480772
-0.11843024558685333  -0.23713261190177873
-0.10625017249387307  -0.23876412899384833
-0.10625017249387307  -0.24415179257179842
-0.10625017249387307  -0.30494246819672904
-0.14611446751925736  -0.3642785957835601
-0.14611446751925736  -0.34160332145073574
-0.14611446751925736  -0.34392528511497356
-0.1964637861397934  -0.3450316718133907
-0.1964637861397934  -0.4013379165611776
-0.1109842252556541  -0.28300930895330706
-0.08654391659203303  -0.2342218758364939
-0.1257475436329064  -0.3305821552619802
-0.14611446751925736  -0.4361293961151176
-0.14611446751925736  -0.4361293961151176
-0.14611446751925736  -0.46514699623502676
-0.14611446751925736  -0.41063827676794057
-0.10625017249387307  -0.4103601123678005
-0.10625017249387307  -0.38442133454226407
-0.14611446751925736  -0.3102214071270097
-0.10625017249387307  -0.24350955506736638
-0.10625017249387307  -0.18202545062850606
-0.10625017249387307  -0.2082240843714293
-0.10625017249387307  -0.18280063921074632
-0.10625017249387307  -0.34806365625352614
-0.10625017249387307  -0.40599405665271693
-0.10625017249387307  -0.40599405665271693
-0.10625017249387307  -0.40599405665271693
-0.10625017249387307  -0.40705524492966727
-0.1964637861397934  -0.4280043628155799
-0.1964637861397934  -0.4044651128423295
-0.1964637861397934  -0.40650222061350333
-0.1964637861397934  -0.3568887156212333
-0.1964637861397934  -0.274027425390953
-0.26527418112382256  -0.1914426620513678
-0.26527418112382256  -0.1980197445076692
-0.26527418112382256  -0.29538275702001976
-0.26527418112382256  -0.3293390339333399
-0.26527418112382256  -0.3479758528130871
-0.1964637861397934  -0.3221854044150787
-0.1964637861397934  -0.3221854044150787
-0.1964637861397934  -0.342214287728252
-0.1964637861397934  -0.3213464572491984
-0.1964637861397934  -0.33733161061748146
-0.1964637861397934  -0.3479758528130871
-0.1964637861397934  -0.3479758528130871
-0.1964637861397934  -0.3479758528130871
-0.1964637861397934  -0.3479758528130871
-0.1964637861397934  -0.3479758528130871
-0.1964637861397934  -0.36271731039125815
-0.1964637861397934  -0.275488819972075
-0.1964637861397934  -0.27738780677220504
-0.1964637861397934  -0.2787447304715144
-0.1964637861397934  -0.35540315151915597
