0.0  0.0
0.19483204134366924  0.0
0.3297157622739019  0.14987080103359174
0.3896640826873387  0.23979328165374675
0.4496124031007755  0.31472868217054273
0.4496124031007755  0.3746770025839795
0.4496124031007755  0.4496124031007755
0.4496124031007755  0.4496124031007755
0.4496124031007755  0.4496124031007755
0.4496124031007755  0.4496124031007755
0.45312500000000006  0.4496124031007755
0.4539575131233595  0.4496124031007755
0.45669291338582646  0.4496124031007755
0.45312500000000006  0.4496124031007755
0.45312500000000006  0.4496124031007755
0.4496124031007755  0.4496124031007755
0.4496124031007755  0.4501978359173128
0.4496124031007755  0.45597933070866115
0.4496124031007755  0.45097696121318176
0.4496124031007755  0.4448527267424907
0.4496124031007755  0.4448527267424907
0.4496124031007755  0.44841058201058226
0.45312500000000006  0.44841058201058226
0.45312500000000006  0.44644499061273274
0.45312500000000006  0.4411569892473118
0.45669291338582646  0.45202580645161267
0.45669291338582646  0.45202580645161267
0.45669291338582646  0.45569979893347307
0.4603174603174604  0.45569979893347307
0.4548032407407408  0.4468434848282908
0.44256889763779506  0.4390037533373749
0.4448527267424907  0.4309209649473545
0.44135088582677134  0.4400348217003372
0.44135088582677134  0.44346705762139577
0.44042999348918577  0.44346705762139577
0.4412337992634639  0.44519492478490713
0.44135088582677134  0.44713001851600975
0.44135088582677134  0.44713001851600975
0.4379037467700258  0.4430474642099085
0.4379037467700258  0.41610779930452063
0.4379037467700258  0.4219367857335771
0.4379037467700258  0.43883753501400563
0.4379037467700258  0.4427526942980583
0.4379037467700258  0.42519344412973875
0.4379037467700258  0.40459770114942545
0.4379037467700258  0.385862068965517
0.4379037467700258  0.385862068965517
0.4379037467700258  0.3777972937145771
0.4379037467700258  0.35209895052473766
0.4379037467700258  0.3532004188869701
0.4379037467700258  0.3445027990584741
0.4379037467700258  0.3527091717299245
0.4379037467700258  0.2683446981811561
0.4379037467700258  0.21103689449665308
0.4379037467700258  0.19199405122882246
0.4379037467700258  0.19675314088792106
0.4379037467700258  0.21478505232693207
0.4379037467700258  0.20604810284055577
0.4379037467700258  0.17822945205249657
0.4379037467700258  0.18425714746469465
0.4379037467700258  0.18694365210210595
0.44135088582677134  0.18967679142619612
0.44135088582677134  0.17612237218600768
0.44135088582677134  0.15610006716723843
0.4448527267424907  0.1307842715860065
0.4448527267424907  0.1101096716814539
0.4448527267424907  0.08229085508302178
0.4448527267424907  0.06400804795626507
0.44841058201058226  0.06400027478471922
0.44841058201058226  0.07630563757517533
0.4448527267424907  0.07844450910837675
0.4448527267424907  0.07190902514017
0.4448527267424907  0.0522737028742068
0.4448527267424907  0.04346616656030375
0.4448527267424907  0.058623767361605204
0.4448527267424907  0.061931902957237904
0.4448527267424907  0.06202341519699996
0.4448527267424907  0.03876246201154441
0.4448527267424907  0.02562894691926951
0.4448527267424907  0.024033516740389112
0.4448527267424907  0.021424501424501422
0.4448527267424907  0.021432641432641432
0.4448527267424907  0.021714523512276332
0.4448527267424907  0.021457061457061454
0.4448527267424907  0.021272141706924312
0.4448527267424907  0.02138486312399356
0.4448527267424907  0.02146537842190016
0.4448527267424907  0.021336553945249595
0.4448527267424907  0.02108616021659499
0.4448527267424907  0.021237458193979934
0.4448527267424907  0.021014492753623177
0.4448527267424907  0.021014492753623177
0.4448527267424907  0.021014492753623177
0.4448527267424907  0.021245421245421243
0.4448527267424907  0.021245421245421243
0.4448527267424907  0.021245421245421243
0.4448527267424907  0.021326821326821326
0.4448527267424907  0.02141005062353377
0.4448527267424907  0.021818181818181806
0.4448527267424907  0.021842015662240376
0.4448527267424907  0.022100313479623813
