0.0  0.0
0.25478036175710594  0.0
0.7793281653746779  0.3596899224806203
0.8842377260981923  0.5395348837209307
0.5994832041343675  0.3896640826873387
0.7493540051679595  0.6294573643410859
0.8992248062015515  0.8992248062015515
0.7493540051679595  0.7493540051679595
0.5994832041343675  0.5994832041343675
0.8992248062015515  0.8992248062015515
0.8992248062015515  0.8992248062015515
0.4496124031007755  0.4496124031007755
0.8992248062015515  0.8992248062015515
0.8992248062015515  0.8992248062015515
0.5994832041343675  0.5994832041343675
0.7493540051679595  0.7493540051679595
0.8992248062015515  0.9025733415883497
0.7493540051679595  0.7470772486772491
0.5994832041343675  0.5967824543437449
0.8992248062015515  0.8281982065954971
0.8992248062015515  0.822404615788093
0.4496124031007755  0.42403619197482273
0.8992248062015515  0.8480723839496449
0.8992248062015515  0.8446555468135315
0.5994832041343675  0.5641978494623657
0.7528666020671835  0.7052473118279567
0.9062500000000001  0.8459119853134008
0.7552083333333335  0.6736879040853814
0.6041666666666667  0.5128180463351846
0.902737403100776  0.7859425192273867
0.8992248062015515  0.7958677966721803
0.4496124031007755  0.4074015968623058
0.8992248062015515  0.8329664689285818
0.8992248062015515  0.8646621016307419
0.5994832041343675  0.5857590435855644
0.7528666020671835  0.7329262213359915
0.9062500000000001  0.8655310259697087
0.7552083333333335  0.7043787874833196
0.6077345800524928  0.49060162922717593
0.9206349206349194  0.6883691529709227
0.9206349206349194  0.7172981924635391
0.4603174603174604  0.39506870707123537
0.9243174603174593  0.8173093244260458
0.9241966420864048  0.8488322581832254
0.6133941590634502  0.5773657004461318
0.7662292213473308  0.7053093777607794
0.9196683747864839  0.84205119662391
0.7706540682414693  0.7418482863831233
0.612561963087947  0.5875108060005084
0.9153189184685235  0.8796977694974896
0.9133858267716524  0.8541272059204064
0.45669291338582646  0.43552465233881155
0.9133858267716524  0.8690897597977233
0.9062500000000001  0.796741311766074
0.6041666666666667  0.516313036496523
0.7552083333333335  0.697267413964662
0.9062500000000001  0.8497748123436204
0.7611548556430437  0.7257354379678537
0.6106288713910756  0.5715993218286795
0.9167958005249334  0.8411528848837727
0.9202057742782143  0.8455365885462971
0.4603174603174604  0.4090929652645449
0.9206349206349194  0.8178463728725807
0.9206349206349194  0.8399663495761334
0.6231569892473122  0.5473430009667638
0.7818657574962847  0.6846031746031743
0.9410775067750681  0.8237841313543112
0.7799501704694475  0.7161470147014704
0.6314505738923065  0.5771155115511555
0.9492736238837798  0.8423972345835378
0.9425823935658716  0.8379996313958571
0.4733484384024166  0.4260805860805863
0.9466968768048336  0.845045698637932
0.9457950153272028  0.8648765509848206
0.6304011728641874  0.5598683359783693
0.7906748411746407  0.6792356071601351
0.9490159491758846  0.7917271407837442
0.785907859078591  0.6726947266569906
0.6249235072995898  0.541212659539276
0.92161693121693  0.7942618869803331
0.9211259259259247  0.7859970126960415
0.4640000000000003  0.3968399010089475
0.9347841594544988  0.7936798020178941
0.9391598915989167  0.8056684336667203
0.6186666666666667  0.5285995304270579
0.773333333333333  0.667226786158825
0.9279999999999992  0.8151551561077996
0.773333333333333  0.6353855385538553
0.6186666666666667  0.5022587201703552
0.9279999999999992  0.7437916403674874
0.9279999999999992  0.7611052668490081
0.4640000000000003  0.37944456132968674
0.9279999999999992  0.7582542896883844
0.9272634920634911  0.6596887340632687
0.6236559139784953  0.3830218807231206
0.7795698924731193  0.5662589038132487
0.9354838709677432  0.7166583377238857
0.7795698924731193  0.5899985160101361
0.6236559139784953  0.35071539966606236
0.9354838709677432  0.6594241737098884
0.9430894308943094  0.0
