0.0  0.0
0.12566666666666668  0.0
0.21266666666666667  0.09666666666666666
0.25133333333333335  0.15466666666666665
0.2899999999999999  0.20299999999999999
0.2899999999999999  0.24166666666666667
0.2899999999999999  0.2899999999999999
0.2899999999999999  0.2899999999999999
0.2899999999999999  0.2899999999999999
0.2899999999999999  0.2899999999999999
0.3  0.2899999999999999
0.3023333333333333  0.2899999999999999
0.3099999999999999  0.2899999999999999
0.3  0.2899999999999999
0.3  0.2899999999999999
0.2899999999999999  0.2899999999999999
0.2899999999999999  0.2916666666666667
0.2899999999999999  0.3079999999999999
0.2899999999999999  0.30533333333333335
0.2899999999999999  0.30033333333333334
0.2899999999999999  0.30033333333333334
0.2899999999999999  0.3103333333333333
0.3  0.3103333333333333
0.3  0.309
0.3  0.30666666666666664
0.3099999999999999  0.3203333333333334
0.3099999999999999  0.3203333333333334
0.3099999999999999  0.3303333333333333
0.3200000000000001  0.3303333333333333
0.3046666666666667  0.3233333333333335
0.2913333333333333  0.30999999999999994
0.30033333333333334  0.30366666666666664
0.2903333333333332  0.3180000000000001
0.2903333333333332  0.32066666666666677
0.2876666666666666  0.32066666666666677
0.2899999999999999  0.3253333333333333
0.2903333333333332  0.33066666666666666
0.2903333333333332  0.33066666666666666
0.28033333333333343  0.32533333333333336
0.28033333333333343  0.2946666666666666
0.28033333333333343  0.3076666666666666
0.28033333333333343  0.33166666666666667
0.28033333333333343  0.3413333333333333
0.28033333333333343  0.3286666666666667
0.28033333333333343  0.3133333333333333
0.28033333333333343  0.29233333333333333
0.28033333333333343  0.29233333333333333
0.28033333333333343  0.28666666666666674
0.28033333333333343  0.25299999999999995
0.28033333333333343  0.2616666666666666
0.28033333333333343  0.2556666666666666
0.28033333333333343  0.25499999999999995
0.28033333333333343  0.19733333333333344
0.28033333333333343  0.15666666666666668
0.28033333333333343  0.14833333333333334
0.28033333333333343  0.16266666666666663
0.28033333333333343  0.16433333333333333
0.28033333333333343  0.16799999999999998
0.28033333333333343  0.143
0.28033333333333343  0.14433333333333334
0.28033333333333343  0.15099999999999997
0.2903333333333332  0.15200000000000002
0.2903333333333332  0.14333333333333334
0.2903333333333332  0.13933333333333328
0.30033333333333334  0.126
0.30033333333333334  0.108
0.30033333333333334  0.10733333333333328
0.30033333333333334  0.11366666666666662
0.31033333333333324  0.11900000000000005
0.31033333333333324  0.10699999999999998
0.30033333333333334  0.10833333333333332
0.30033333333333334  0.10600000000000007
0.30033333333333334  0.09500000000000004
0.30033333333333334  0.09166666666666665
0.30033333333333334  0.11433333333333331
0.30033333333333334  0.12200000000000004
0.30033333333333334  0.12333333333333335
0.30033333333333334  0.11333333333333331
0.30033333333333334  0.11733333333333335
0.30033333333333334  0.10899999999999999
0.30033333333333334  0.11733333333333337
0.30033333333333334  0.11766666666666672
0.30033333333333334  0.12933333333333327
0.30033333333333334  0.11866666666666673
0.30033333333333334  0.11100000000000006
0.30033333333333334  0.11566666666666674
0.30033333333333334  0.11900000000000006
0.30033333333333334  0.11366666666666674
0.30033333333333334  0.10300000000000002
0.30033333333333334  0.10966666666666665
0.30033333333333334  0.10066666666666671
0.30033333333333334  0.10066666666666671
0.30033333333333334  0.10033333333333339
0.30033333333333334  0.10966666666666665
0.30033333333333334  0.10966666666666665
0.30033333333333334  0.10966666666666665
0.30033333333333334  0.11333333333333336
0.30033333333333334  0.11699999999999997
0.30033333333333334  0.13366666666666674
0.30033333333333334  0.13466666666666666
0.30033333333333334  0.14500000000000002
