0.0  0.0
0.01888888888888889  0.0
0.057777777777777845  0.026666666666666665
0.06555555555555564  0.040000000000000015
0.044444444444444474  0.028888888888888888
0.055555555555555615  0.046666666666666703
0.06666666666666675  0.06666666666666675
0.055555555555555615  0.055555555555555615
0.044444444444444474  0.044444444444444474
0.06666666666666675  0.06666666666666675
0.06666666666666675  0.06666666666666675
0.03333333333333333  0.03333333333333333
0.06666666666666675  0.06666666666666675
0.06666666666666675  0.06666666666666675
0.044444444444444474  0.044444444444444474
0.055555555555555615  0.055555555555555615
0.06666666666666675  0.0811111111111112
0.055555555555555615  0.11000000000000011
0.044444444444444474  0.09000000000000004
0.06666666666666675  0.29888888888888887
0.06666666666666675  0.30888888888888894
0.03333333333333333  0.12999999999999998
0.06666666666666675  0.26000000000000034
0.06666666666666675  0.26000000000000034
0.044444444444444474  0.1644444444444444
0.055555555555555615  0.20555555555555566
0.06666666666666675  0.2566666666666669
0.055555555555555615  0.3011111111111111
0.044444444444444474  0.2988888888888888
0.06666666666666675  0.40222222222222187
0.06666666666666675  0.3888888888888886
0.03333333333333333  0.19444444444444453
0.06666666666666675  0.35222222222222216
0.06666666666666675  0.2822222222222225
0.044444444444444474  0.18111111111111125
0.055555555555555615  0.21666666666666679
0.06666666666666675  0.28777777777777797
0.055555555555555615  0.2800000000000001
0.044444444444444474  0.3977777777777778
0.06666666666666675  0.7111111111111114
0.06666666666666675  0.658888888888889
0.03333333333333333  0.25000000000000006
0.06666666666666675  0.4355555555555553
0.06666666666666675  0.36333333333333323
0.044444444444444474  0.2255555555555557
0.055555555555555615  0.3088888888888889
0.06666666666666675  0.38222222222222196
0.055555555555555615  0.25111111111111134
0.044444444444444474  0.21555555555555567
0.06666666666666675  0.3455555555555554
0.06666666666666675  0.3877777777777775
0.03333333333333333  0.1833333333333334
0.06666666666666675  0.36888888888888877
0.06666666666666675  0.5400000000000007
0.044444444444444474  0.3866666666666669
0.055555555555555615  0.39111111111111074
0.06666666666666675  0.45333333333333276
0.055555555555555615  0.35222222222222205
0.044444444444444474  0.28444444444444444
0.06666666666666675  0.45555555555555505
0.06666666666666675  0.5344444444444449
0.03333333333333333  0.30555555555555547
0.06666666666666675  0.6200000000000007
0.06666666666666675  0.5822222222222228
0.044444444444444474  0.4244444444444447
0.055555555555555615  0.5400000000000005
0.06666666666666675  0.6211111111111117
0.055555555555555615  0.4711111111111114
0.044444444444444474  0.36666666666666686
0.06666666666666675  0.5766666666666673
0.06666666666666675  0.5333333333333337
0.03333333333333333  0.26
0.06666666666666675  0.5355555555555561
0.06666666666666675  0.47333333333333266
0.044444444444444474  0.3411111111111113
0.055555555555555615  0.47222222222222265
0.06666666666666675  0.6177777777777781
0.055555555555555615  0.48666666666666714
0.044444444444444474  0.3911111111111113
0.06666666666666675  0.6288888888888893
0.06666666666666675  0.646666666666667
0.03333333333333333  0.32333333333333336
0.06666666666666675  0.646666666666667
0.06666666666666675  0.614444444444445
0.044444444444444474  0.43222222222222245
0.055555555555555615  0.5266666666666672
0.06666666666666675  0.6088888888888895
0.055555555555555615  0.6066666666666669
0.044444444444444474  0.5133333333333335
0.06666666666666675  0.7966666666666667
0.06666666666666675  0.7622222222222226
0.03333333333333333  0.3833333333333335
0.06666666666666675  0.7677777777777778
0.06666666666666675  0.9577777777777775
0.044444444444444474  0.7411111111111114
0.055555555555555615  0.7666666666666668
0.06666666666666675  0.8499999999999999
0.055555555555555615  0.7222222222222222
0.044444444444444474  0.7644444444444444
0.06666666666666675  0.9188888888888888
0.06666666666666675  2.0
