0.25  0.25
0.3382105530672796  0.3333333333333333
0.3723332190363809  0.3770833322916672
0.39455461751764204  0.40537036894191253
0.40979079252495104  0.41909396233789736
0.4184451851624502  0.42007499776968127
0.42186835839048215  0.4153349645890206
0.42400411729059867  0.4075606133794264
0.4252361644160896  0.39894953110514264
0.42471625098440074  0.39274042894515354
0.42393462214431304  0.3869813378004903
0.42412773046670843  0.3811516022449743
0.4247010996801978  0.37617810257750517
0.42519801966522197  0.3695780520866621
0.4256328246521181  0.3637435807656726
0.4254978751618295  0.35894819736842193
0.4251548788510797  0.35462449832211845
0.4248479874151457  0.3507181218179478
0.424571785122805  0.346599651433797
0.42392250368926715  0.34230326997358695
0.42279517170841713  0.3385467710123637
0.4270057242864468  0.33640378682282895
0.42993130847602856  0.3348617631350719
0.43457312645178264  0.3332214087019416
0.44110022287391265  0.3321427945619772
0.4455337505640839  0.3315477634926375
0.4494184390894247  0.3309961871442002
0.4528509030934609  0.3306890819021355
0.4561420388534876  0.3303676535563206
0.45966264184132455  0.3303695516769251
0.46291362313426615  0.3305354712793431
0.4661675644841606  0.32988218955516796
0.46936834238232555  0.3295567403238725
0.472185781742706  0.3289329983148936
0.4746179313132239  0.3287240342508913
0.4767719855489787  0.3286830501245246
0.4787717600357413  0.3287204991467258
0.48065764235945246  0.32891760860831415
0.4824540479469191  0.3289752351845735
0.4840588582700213  0.32900575480517774
0.48545230190030997  0.32889297315491023
0.48674766836663247  0.3289639301618271
0.48800596647403643  0.3292088260936141
0.4891795608083447  0.3296072848717879
0.4899778957880155  0.3299778010834334
0.4910566375402872  0.3302318631439501
0.4922759472170913  0.33056378173868295
0.49353573115319116  0.33106203224209774
0.49453152717947874  0.33155664660011136
0.4956833532543893  0.3320132157638898
0.49683880078599774  0.33246974875010915
0.4979691432128094  0.3329872580050624
0.4991408412252857  0.3336322073240722
0.5002536443484888  0.33421241879611396
0.5013926754294875  0.3347078958443584
0.5023642659001144  0.335173851682146
0.5033655067212176  0.3358151501459588
0.5041879521502775  0.33612012975395394
0.5049969817415655  0.3363603043347732
0.5058944995267217  0.33680583850006207
0.5068457456308911  0.3374734902373994
0.5077537398677621  0.3381504977882086
0.5086690276429189  0.3388538994030276
0.5095803650443559  0.3394325592556821
0.510501059841014  0.33999048640645324
0.5113811409558869  0.34038765012981054
0.5122232987446249  0.3405667286906078
0.512896209759928  0.3406335151705478
0.5134758184530838  0.34057465608354526
0.5140685557435122  0.3405208629607754
0.5146325099495435  0.3404785162117184
0.515186312593415  0.3407069472331546
0.5157136122087972  0.3410042352291115
0.5162803983242987  0.34130340014625365
0.5167894966552721  0.3415747293333388
0.5172417942821382  0.3418120760722581
0.5176521762032886  0.3421077607621132
0.5180311611337307  0.3423805144909295
0.5183760685054741  0.3426623869595163
0.5187240408950778  0.3428679548827085
0.5190798909136157  0.34295584568081583
0.519487873377423  0.34295667229757515
0.5198891240939809  0.3429522332126057
0.5202927588164836  0.3430584220929249
0.5206894309338321  0.3432210774689338
0.5210588956128385  0.343425727874503
0.5214232381226339  0.34358198661959993
0.5217662781066593  0.3437351468570564
0.5221063620201841  0.34388673396858926
0.5224425118969726  0.34401286885755755
0.5227763838687121  0.34414043737923045
0.5231034416184299  0.3442773623216529
0.5233982352546922  0.34441312211496483
0.5236810713901472  0.34454829686685345
0.5239674650726531  0.3446790654807298
0.5242666264255103  0.34479701507997834
0.5245542982082703  0.3449395668389742
0.5248544677264376  0.34500246098688736
0.5251638923413287  0.3450616624390916
0.5254648270463679  0.34510566039200896
0.5257727923090846  0.3452400985771199
