0.0  0.0
0.1648578811369509  0.0
0.3596899224806203  0.014987080103359173
0.4046511627906979  0.13488372093023257
0.4346253229974163  0.19483204134366924
0.4346253229974163  0.28475452196382434
0.4496124031007755  0.3596899224806203
0.4488049095607238  0.4046511627906979
0.44759366925064625  0.4196382428940571
0.44840116279069797  0.4196382428940571
0.44840116279069797  0.4346253229974163
0.4479974160206721  0.4346253229974163
0.4479974160206721  0.4346253229974163
0.4479974160206721  0.42776162790697675
0.4479974160206721  0.4305878552971578
0.44840116279069797  0.4346253229974163
0.44840116279069797  0.4346253229974163
0.44840116279069797  0.4346253229974163
0.44840116279069797  0.4273578811369509
0.44880490956072383  0.42332041343669247
0.44920865633074963  0.42332041343669247
0.4379037467700258  0.42332041343669247
0.4379037467700258  0.42332041343669247
0.4354431168487659  0.4266527230971126
0.42601706036745385  0.41682895106861656
0.4329824869275062  0.41411625838436855
0.4379037467700258  0.42589629629629644
0.4374936417831492  0.4300379119276759
0.43708353679627254  0.4300379119276759
0.43052821522309687  0.4266527230971126
0.42601706036745385  0.4266527230971126
0.4293963254593178  0.44285484314460705
0.4293963254593178  0.42912258064516134
0.43640150449943743  0.43594062418043555
0.44135088582677146  0.4184192989470879
0.44135088582677146  0.4133013461282154
0.44135088582677146  0.4133013461282154
0.44135088582677146  0.41714506512807065
0.44135088582677146  0.4268086021505378
0.4448527267424906  0.43347724867724896
0.4448527267424906  0.443331216931217
0.4448527267424906  0.43175545314900166
0.4448527267424906  0.4218021505376344
0.4448527267424906  0.40832688172043025
0.4414152230971126  0.40994405105341347
0.43850268393870123  0.4184124199782453
0.4363182795698925  0.412193059084906
0.4363182795698925  0.3975576794371858
0.438502683938701  0.39722447938387373
0.4363182795698925  0.39613500729629075
0.4363182795698925  0.3950395315081113
0.4363182795698925  0.38294015727042535
0.4328296296296299  0.3620641587258576
0.4328296296296299  0.3605929038281979
0.4328296296296299  0.35967185744354235
0.4293963254593178  0.35920346205989273
0.4293963254593178  0.3365421785112712
0.43987494896471285  0.38067142357942857
0.4448527267424906  0.38450882863153957
0.436977777777778  0.3471057613581985
0.4328296296296299  0.31063310450038145
0.4328296296296299  0.31063310450038145
0.4328296296296299  0.30794102948525737
0.4328296296296299  0.3143559488692231
0.4363182795698925  0.3151374460262493
0.4363182795698925  0.33308135200992417
0.4328296296296299  0.36364240611498855
0.4363182795698925  0.373975137670382
0.4363182795698925  0.3954517400180413
0.4363182795698925  0.3921335200746967
0.4363182795698925  0.3995829649069771
0.4363182795698925  0.3482033967661725
0.4363182795698925  0.33469988893717706
0.4363182795698925  0.33469988893717706
0.4363182795698925  0.33469988893717706
0.4363182795698925  0.3342234177710507
0.4293963254593178  0.3221909985178351
0.4293963254593178  0.3247976011994004
0.4293963254593178  0.32421789105447285
0.4293963254593178  0.33666500083291684
0.4293963254593178  0.36886337845177963
0.42601706036745385  0.392282006240132
0.42601706036745385  0.39000483287621884
0.42601706036745385  0.3610741698108908
0.42601706036745385  0.3480441403230009
0.42601706036745385  0.3405047476261869
0.4293963254593178  0.3434833460462751
0.4293963254593178  0.3434833460462751
0.4293963254593178  0.34287044511932074
0.4293963254593178  0.3513674786538355
0.4293963254593178  0.34472080199216637
0.4293963254593178  0.3405047476261869
0.4293963254593178  0.3405047476261869
0.4293963254593178  0.3405047476261869
0.4293963254593178  0.3405047476261869
0.4293963254593178  0.3405047476261869
0.4293963254593178  0.33358525048929855
0.4293963254593178  0.3495996628739991
0.4293963254593178  0.3489976336040611
0.4293963254593178  0.34809245448605675
0.4293963254593178  0.3122037959828058
