0.25  0.25
0.3159236910678025  0.3333333333333333
0.47176374184830744  0.5179859393195768
0.5928588284588379  0.6385659106731976
0.6004348739237931  0.6589414745472785
0.6287413340858093  0.7030214616052669
0.6674031820143632  0.765675504687939
0.6816091284936313  0.7910312872497255
0.6732842406973903  0.7889654560137308
0.6903409632492564  0.8197974120557562
0.7050251243019326  0.8395983094373144
0.6843572993098384  0.8143899486058015
0.698207548071958  0.8253373575951889
0.7101318856365079  0.8299401107653729
0.7019560518116347  0.814578653113325
0.7032746469537928  0.8077203920619678
0.7131075070357885  0.8072809350340621
0.7138314289999111  0.7967840703620268
0.7069696722383972  0.7814452188655249
0.7141938860937743  0.7810630095503525
0.7204814819237221  0.7818380262738598
0.7078872614965427  0.7651050339364177
0.7144193902433406  0.766371127356437
0.7205835464466706  0.767195388363935
0.7149104064833676  0.7574564979760688
0.714729868355829  0.753038368962687
0.7192335827541372  0.7536044276476807
0.718794578086974  0.7502433928732317
0.7136562401304138  0.7431846793978242
0.7182193610223866  0.7446620202376912
0.7225355055031836  0.74531147327444
0.7136319793373447  0.733834412814934
0.7179161438944558  0.7330353503339396
0.7222213717171797  0.7315293856594367
0.7185104564056024  0.7233539098055674
0.7186893635689997  0.718563724107632
0.7225434022244168  0.71703915731755
0.7225438712798511  0.7131283192958653
0.718716329522581  0.7074228158794758
0.7216664670049873  0.7083561796813829
0.7244564370928405  0.7088296145822346
0.7174764198097202  0.7005546935842307
0.7204837617844432  0.7003864331238405
0.7235263778398553  0.6998901307480265
0.7202592667907588  0.6942805653715775
0.7201666279174287  0.6914836875516319
0.723109138076767  0.6911187243266758
0.7230916405059341  0.6880438343203495
0.7203153770745312  0.6830315504489195
0.7233619863273979  0.6824393644896245
0.7262219381510774  0.6819520798576008
0.7208911821162133  0.6751859410065896
0.7239137246564992  0.6746205854026825
0.7270061839400246  0.6743720399268562
0.7246999608420311  0.6704330799201359
0.7250619628036593  0.6682085813803502
0.7279017203467502  0.6677528169397904
0.7283702366890873  0.6653352743966041
0.726275248650784  0.6613274947411192
0.7291812952018051  0.6610211886484822
0.731889593482342  0.660514678013057
0.7271918655489806  0.6550869734808801
0.7294311900146206  0.6547224161179745
0.7315336693648025  0.6542799382314026
0.7289423200255759  0.6507374957411212
0.7285290734537442  0.6488414838605058
0.7301509164568378  0.6486087014861621
0.7295835351893271  0.6467434676729001
0.7269297090784609  0.6434636465435575
0.7281880619073173  0.6433452623674335
0.7296594872146335  0.6433172665369088
0.7254261258386886  0.6388744861071649
0.7269920804658646  0.6388766293482032
0.7284601382638389  0.63882202550052
0.7262178894552207  0.6361234656703366
0.7259136510848291  0.6349609820055097
0.7274676963177483  0.6352292515325569
0.7270610117143853  0.6339994909366614
0.7249751509636359  0.6314445112076297
0.7266471786094401  0.6317034619619355
0.7282817962558649  0.6319857264633667
0.724670093857219  0.6283064955886826
0.7263287493369756  0.6286085464115878
0.7280144587214771  0.6288660531385889
0.726185488307622  0.6266216262111853
0.7260371243101191  0.6256585483652396
0.7274910068852121  0.6259407718478949
0.727345805826392  0.6251291155666064
0.7255959437607837  0.6231048805842632
0.7269900144014355  0.6235772252950184
0.7283555295974913  0.6239745053226962
0.7251118931288029  0.6208169669317978
0.7264587728374252  0.6212181825140468
0.7277504925298536  0.6219196756515896
0.7260162394258257  0.6204705609939403
0.7257689960305076  0.6200005439244465
0.7269618158986317  0.6205864967938587
0.7267158456682316  0.6200544054061262
0.7250723004898083  0.6189675494189232
0.7262259214808595  0.6199302959933772
0.7272678466023739  0.6238128511327191
