0.0  0.0
0.012222222222222221  0.0
0.026666666666666665  0.0011111111111111111
0.029999999999999995  0.01
0.03222222222222222  0.014444444444444444
0.03222222222222222  0.021111111111111112
0.03333333333333333  0.026666666666666665
0.035555555555555556  0.029999999999999995
0.03888888888888889  0.031111111111111107
0.03666666666666667  0.031111111111111107
0.03666666666666667  0.03222222222222222
0.03777777777777778  0.03222222222222222
0.03777777777777778  0.03222222222222222
0.03777777777777778  0.05111111111111111
0.03777777777777778  0.043333333333333356
0.03666666666666667  0.03222222222222222
0.03666666666666667  0.03222222222222222
0.03666666666666667  0.03222222222222222
0.03666666666666667  0.05222222222222221
0.035555555555555556  0.06333333333333332
0.03444444444444444  0.06333333333333332
0.06555555555555555  0.06333333333333332
0.06555555555555555  0.06333333333333332
0.07222222222222223  0.06333333333333332
0.09777777777777782  0.08888888888888893
0.07888888888888893  0.0944444444444445
0.06555555555555555  0.07444444444444447
0.06666666666666667  0.06333333333333332
0.06777777777777777  0.06333333333333332
0.08555555555555559  0.06333333333333332
0.09777777777777782  0.06333333333333332
0.09777777777777782  0.03666666666666667
0.09777777777777782  0.0777777777777778
0.07888888888888893  0.06333333333333338
0.06555555555555555  0.11222222222222222
0.06555555555555555  0.12555555555555553
0.06555555555555555  0.12555555555555553
0.06555555555555555  0.10666666666666672
0.06555555555555555  0.08111111111111116
0.06555555555555555  0.06333333333333332
0.06555555555555555  0.03666666666666667
0.06555555555555555  0.0677777777777778
0.06555555555555555  0.09444444444444448
0.06555555555555555  0.1211111111111111
0.06666666666666667  0.12555555555555553
0.08444444444444449  0.11222222222222224
0.09777777777777782  0.12777777777777777
0.09777777777777782  0.15666666666666668
0.08444444444444447  0.15666666666666668
0.09777777777777782  0.16000000000000003
0.09777777777777782  0.16222222222222224
0.09777777777777782  0.18666666666666673
0.09777777777777782  0.2388888888888889
0.09777777777777782  0.24999999999999997
0.09777777777777782  0.25222222222222224
0.09777777777777782  0.2533333333333333
0.09777777777777782  0.30777777777777776
0.07888888888888893  0.2000000000000001
0.06555555555555555  0.20444444444444448
0.08666666666666671  0.2955555555555555
0.09777777777777782  0.3744444444444446
0.09777777777777782  0.3744444444444446
0.09777777777777782  0.3744444444444446
0.09777777777777782  0.3711111111111112
0.09777777777777782  0.36888888888888904
0.09777777777777782  0.32222222222222213
0.09777777777777782  0.24999999999999997
0.09777777777777782  0.24000000000000005
0.09777777777777782  0.18777777777777785
0.09777777777777782  0.18777777777777785
0.09777777777777782  0.16888888888888892
0.09777777777777782  0.28666666666666657
0.09777777777777782  0.31222222222222223
0.09777777777777782  0.31222222222222223
0.09777777777777782  0.31222222222222223
0.09777777777777782  0.31333333333333335
0.09777777777777782  0.3433333333333333
0.09777777777777782  0.3422222222222222
0.09777777777777782  0.3433333333333333
0.09777777777777782  0.3211111111111112
0.09777777777777782  0.2444444444444445
0.09777777777777782  0.1955555555555556
0.09777777777777782  0.20111111111111116
0.09777777777777782  0.26333333333333325
0.09777777777777782  0.2944444444444444
0.09777777777777782  0.31222222222222223
0.09777777777777782  0.31222222222222223
0.09777777777777782  0.31222222222222223
0.09777777777777782  0.3066666666666667
0.09777777777777782  0.28666666666666657
0.09777777777777782  0.3022222222222222
0.09777777777777782  0.31222222222222223
0.09777777777777782  0.31222222222222223
0.09777777777777782  0.31222222222222223
0.09777777777777782  0.31222222222222223
0.09777777777777782  0.31222222222222223
0.09777777777777782  0.3277777777777777
0.09777777777777782  0.31222222222222223
0.09777777777777782  0.31333333333333335
0.09777777777777782  0.31555555555555553
0.09777777777777782  0.39444444444444454
