0.0  0.0
0.5666666666666667  0.0
1.7333333333333334  0.8
1.9666666666666666  1.2
1.3333333333333333  0.8666666666666667
1.6666666666666667  1.4
2.0  2.0
1.6666666666666667  1.6666666666666667
1.3333333333333333  1.3333333333333333
2.0  2.0
2.0  2.0
1.0  1.0
2.0  2.0
2.0  2.0
1.3333333333333333  1.3333333333333333
1.6666666666666667  1.6666666666666667
2.0  1.9647619047619067
1.6666666666666667  1.5952380952380936
1.3333333333333333  1.2766666666666653
2.0  1.9342857142857108
2.0  1.9428571428571397
1.0  0.9571428571428565
2.0  1.914285714285712
2.0  1.9285714285714248
1.3333333333333333  1.2952380952380944
1.6523809523809543  1.619047619047617
1.9714285714285742  1.928571428571427
1.642857142857145  1.5952380952380936
1.3142857142857158  1.2904761904761899
1.9857142857142867  1.9428571428571397
2.0  1.9228571428571415
1.0  0.9209523809523811
2.0  1.8276190476190453
2.0  1.8128571428571436
1.3333333333333333  1.182857142857143
1.6523809523809543  1.4904761904761894
1.9714285714285742  1.799999999999998
1.642857142857145  1.5028571428571418
1.2999999999999994  1.2033333333333327
1.914285714285712  1.799999999999998
1.914285714285712  1.771428571428572
0.9571428571428565  0.877142857142857
1.8999999999999995  1.75238095238095
1.900476190476189  1.7466666666666648
1.2776190476190465  1.146666666666667
1.5990476190476173  1.4542857142857146
1.9180952380952356  1.742857142857144
1.5819047619047617  1.4047619047619038
1.2809523809523802  1.1238095238095231
1.9352380952380923  1.6576190476190484
1.9428571428571397  1.687619047619046
0.9714285714285714  0.828571428571429
1.9428571428571397  1.6609523809523814
1.9714285714285742  1.6571428571428581
1.3142857142857158  1.1180952380952385
1.642857142857145  1.352380952380952
1.9714285714285742  1.5999999999999985
1.619047619047617  1.3095238095238089
1.288571428571428  1.0761904761904757
1.9295238095238072  1.628571428571427
1.9161904761904747  1.485714285714285
0.9571428571428565  0.7285714285714281
1.914285714285712  1.443809523809524
1.914285714285712  1.4285714285714295
1.2399999999999995  0.9366666666666662
1.5390476190476179  1.1538095238095243
1.836190476190474  1.4209523809523812
1.5461904761904763  1.1580952380952378
1.209047619047618  0.9285714285714285
1.8057142857142832  1.4295238095238085
1.8304761904761881  1.514285714285715
0.9076190476190474  0.7428571428571434
1.8152380952380933  1.485714285714285
1.818571428571426  1.514285714285715
1.2128571428571424  1.0285714285714294
1.506190476190475  1.2857142857142867
1.8066666666666649  1.542857142857144
1.5238095238095224  1.2857142857142867
1.233333333333333  1.0142857142857133
1.9104761904761887  1.514285714285715
1.9123809523809503  1.514285714285715
0.942857142857143  0.7428571428571434
1.859999999999998  1.485714285714285
1.8433333333333348  1.4971428571428558
1.2571428571428571  0.9904761904761913
1.5714285714285716  1.237619047619048
1.885714285714286  1.4714285714285713
1.5714285714285716  1.2142857142857133
1.2571428571428571  0.9428571428571423
1.885714285714286  1.4000000000000008
1.885714285714286  1.4000000000000008
0.942857142857143  0.6999999999999996
1.885714285714286  1.4000000000000008
1.8885714285714286  1.4000000000000008
1.2380952380952377  0.9333333333333328
1.547619047619048  1.1666666666666665
1.857142857142858  1.4000000000000008
1.547619047619048  1.1666666666666665
1.2380952380952377  0.9476190476190479
1.857142857142858  1.4285714285714295
1.828571428571426  1.457142857142856
