0.0  0.0
0.014444444444444444  0.0
0.024444444444444442  0.01111111111111111
0.028888888888888888  0.017777777777777778
0.03333333333333333  0.02333333333333333
0.03333333333333333  0.027777777777777776
0.03333333333333333  0.03333333333333333
0.03333333333333333  0.03333333333333333
0.03333333333333333  0.03333333333333333
0.03333333333333333  0.03333333333333333
0.03333333333333333  0.03333333333333333
0.03333333333333333  0.03333333333333333
0.03333333333333333  0.03333333333333333
0.03333333333333333  0.03333333333333333
0.03333333333333333  0.03333333333333333
0.03333333333333333  0.03333333333333333
0.03333333333333333  0.03333333333333333
0.03333333333333333  0.03333333333333333
0.03333333333333333  0.048888888888888885
0.03333333333333333  0.06555555555555555
0.03333333333333333  0.06555555555555555
0.03333333333333333  0.06555555555555555
0.03333333333333333  0.06555555555555555
0.03333333333333333  0.07111111111111111
0.03333333333333333  0.08777777777777783
0.03333333333333333  0.06555555555555555
0.03333333333333333  0.06555555555555555
0.03333333333333333  0.06555555555555555
0.03333333333333333  0.06555555555555555
0.03333333333333333  0.08888888888888893
0.06222222222222222  0.10000000000000003
0.06555555555555555  0.12111111111111113
0.06555555555555555  0.10666666666666673
0.06555555555555555  0.09777777777777782
0.06555555555555555  0.09777777777777782
0.06555555555555555  0.09777777777777782
0.06555555555555555  0.09777777777777782
0.06555555555555555  0.09777777777777782
0.06555555555555555  0.10555555555555558
0.06555555555555555  0.16222222222222224
0.06555555555555555  0.15777777777777777
0.06555555555555555  0.1288888888888889
0.06555555555555555  0.12777777777777774
0.06555555555555555  0.17222222222222225
0.06555555555555555  0.2222222222222223
0.06555555555555555  0.25888888888888884
0.06555555555555555  0.25888888888888884
0.06555555555555555  0.27777777777777773
0.06555555555555555  0.32333333333333336
0.06555555555555555  0.3277777777777778
0.06555555555555555  0.3477777777777778
0.06555555555555555  0.32333333333333336
0.06555555555555555  0.5088888888888888
0.06555555555555555  0.6222222222222221
0.06555555555555555  0.662222222222222
0.06555555555555555  0.6577777777777776
0.06555555555555555  0.6188888888888887
0.06555555555555555  0.6399999999999999
0.06555555555555555  0.6899999999999998
0.06555555555555555  0.6777777777777777
0.06555555555555555  0.6744444444444443
0.06555555555555555  0.6688888888888888
0.06555555555555555  0.6944444444444441
0.06555555555555555  0.7333333333333338
0.06555555555555555  0.7799999999999999
0.06555555555555555  0.8155555555555558
0.06555555555555555  0.8655555555555554
0.06555555555555555  0.8988888888888892
0.06555555555555555  0.8988888888888886
0.06555555555555555  0.876666666666667
0.06555555555555555  0.8733333333333336
0.06555555555555555  0.8844444444444441
0.06555555555555555  0.9166666666666662
0.06555555555555555  0.9311111111111112
0.06555555555555555  0.9077777777777774
0.06555555555555555  0.9033333333333329
0.06555555555555555  0.9033333333333329
0.06555555555555555  0.9399999999999994
0.06555555555555555  0.9611111111111104
0.06555555555555555  0.9633333333333326
0.06555555555555555  0.967777777777777
0.06555555555555555  0.967777777777777
0.06555555555555555  0.967777777777777
0.06555555555555555  0.967777777777777
0.06555555555555555  0.967777777777777
0.06555555555555555  0.967777777777777
0.06555555555555555  0.967777777777777
0.06555555555555555  0.967777777777777
0.06555555555555555  0.967777777777777
0.06555555555555555  0.967777777777777
0.06555555555555555  0.967777777777777
0.06555555555555555  0.967777777777777
0.06555555555555555  0.967777777777777
0.06555555555555555  0.967777777777777
0.06555555555555555  0.967777777777777
0.06555555555555555  0.967777777777777
0.06555555555555555  0.967777777777777
0.06555555555555555  0.967777777777777
0.06555555555555555  0.967777777777777
0.06555555555555555  0.967777777777777
0.06555555555555555  0.967777777777777
