0.0  0.0
0.10633333333333334  0.0
0.232  0.009666666666666665
0.261  0.087
0.28033333333333327  0.12566666666666668
0.28033333333333327  0.18366666666666667
0.2899999999999999  0.232
0.2893333333333333  0.261
0.2883333333333333  0.27066666666666667
0.2889999999999999  0.27066666666666667
0.2889999999999999  0.28033333333333327
0.2886666666666666  0.28033333333333327
0.2886666666666666  0.28033333333333327
0.2886666666666666  0.2746666666666668
0.2886666666666666  0.277
0.2889999999999999  0.28033333333333327
0.2889999999999999  0.28033333333333327
0.2889999999999999  0.28033333333333327
0.2889999999999999  0.2743333333333335
0.2893333333333333  0.27100000000000013
0.2896666666666666  0.27100000000000013
0.28033333333333343  0.27100000000000013
0.28033333333333343  0.27100000000000013
0.27833333333333343  0.2806666666666666
0.2706666666666665  0.27200000000000013
0.27633333333333343  0.26833333333333326
0.28033333333333343  0.287
0.28000000000000014  0.2903333333333333
0.2796666666666668  0.2903333333333333
0.2743333333333332  0.2806666666666667
0.2706666666666665  0.2806666666666667
0.2806666666666668  0.30666666666666675
0.2806666666666668  0.29866666666666664
0.28633333333333333  0.30700000000000005
0.2903333333333332  0.295
0.2903333333333332  0.291
0.2903333333333332  0.291
0.2903333333333332  0.287
0.2903333333333332  0.2946666666666665
0.30033333333333334  0.2999999999999999
0.30033333333333334  0.3080000000000001
0.30033333333333334  0.29866666666666664
0.30033333333333334  0.29066666666666663
0.30033333333333334  0.2730000000000002
0.2913333333333333  0.2813333333333333
0.29666666666666663  0.29499999999999993
0.30066666666666664  0.2896666666666665
0.30066666666666664  0.27100000000000013
0.29666666666666663  0.2700000000000002
0.30066666666666664  0.2696666666666668
0.30066666666666664  0.2683333333333335
0.30066666666666664  0.2533333333333332
0.2906666666666666  0.23766666666666672
0.2906666666666666  0.24399999999999997
0.2906666666666666  0.2433333333333333
0.2806666666666668  0.24299999999999997
0.2806666666666668  0.22666666666666682
0.2963333333333333  0.259
0.30033333333333334  0.27466666666666667
0.2939999999999999  0.24900000000000005
0.2906666666666666  0.21633333333333338
0.2906666666666666  0.21633333333333338
0.2906666666666666  0.20666666666666664
0.2906666666666666  0.22533333333333347
0.30066666666666664  0.22533333333333344
0.30066666666666664  0.23200000000000004
0.2906666666666666  0.25366666666666654
0.30066666666666664  0.2760000000000001
0.30066666666666664  0.29166666666666663
0.30066666666666664  0.282
0.30066666666666664  0.2876666666666666
0.30066666666666664  0.2426666666666667
0.30066666666666664  0.22533333333333347
0.30066666666666664  0.22533333333333347
0.30066666666666664  0.22533333333333347
0.30066666666666664  0.22500000000000012
0.2806666666666668  0.2186666666666667
0.2806666666666668  0.22633333333333344
0.2806666666666668  0.2256666666666668
0.2806666666666668  0.24199999999999997
0.2806666666666668  0.2650000000000001
0.2706666666666665  0.2893333333333332
0.2706666666666665  0.28766666666666657
0.2706666666666665  0.25933333333333325
0.2706666666666665  0.24999999999999994
0.2706666666666665  0.24466666666666664
0.2806666666666668  0.2543333333333332
0.2806666666666668  0.2543333333333332
0.2806666666666668  0.2463333333333333
0.2806666666666668  0.25233333333333324
0.2806666666666668  0.24766666666666665
0.2806666666666668  0.24466666666666664
0.2806666666666668  0.24466666666666664
0.2806666666666668  0.24466666666666664
0.2806666666666668  0.24466666666666664
0.2806666666666668  0.24466666666666664
0.2806666666666668  0.23999999999999994
0.2806666666666668  0.27366666666666684
0.2806666666666668  0.2730000000000001
0.2806666666666668  0.2726666666666668
0.2806666666666668  0.24900000000000005
