0.0  0.0
0.1269360269360269  0.0
0.21481481481481488  0.09764309764309761
0.25387205387205397  0.15622895622895622
0.29292929292929304  0.2050505050505051
0.29292929292929304  0.24410774410774422
0.29292929292929304  0.29292929292929304
0.29292929292929304  0.29292929292929304
0.29292929292929304  0.29292929292929304
0.29292929292929304  0.29292929292929304
0.29591836734693894  0.29292929292929304
0.29663019847114114  0.29292929292929304
0.29896907216494845  0.29292929292929304
0.29591836734693894  0.29292929292929304
0.29591836734693894  0.29292929292929304
0.29292929292929304  0.29292929292929304
0.29292929292929304  0.2934274719989007
0.29292929292929304  0.2983589312013465
0.29292929292929304  0.295561282932417
0.29292929292929304  0.2919100801832761
0.29292929292929304  0.2919100801832761
0.29292929292929304  0.29498172514619875
0.29591836734693894  0.29498172514619875
0.29591836734693894  0.2938357751648625
0.29591836734693894  0.29092571855169846
0.29896907216494845  0.29811870100783877
0.29896907216494845  0.29811870100783877
0.29896907216494845  0.3013231144665598
0.30208333333333326  0.3013231144665598
0.2973568594104309  0.2960105968521116
0.28962760361876705  0.2903061681238996
0.2919100801832761  0.2854371201496026
0.28890174626551646  0.2919143346913333
0.28890174626551646  0.2939847280660745
0.28811482522822723  0.2939847280660745
0.28880211045159493  0.29551140771337125
0.28890174626551646  0.29721293199554066
0.28890174626551646  0.29721293199554066
0.2859547859547859  0.2944497531454053
0.2859547859547859  0.27679566810001593
0.2859547859547859  0.28147791451162235
0.2859547859547859  0.29329588014981284
0.2859547859547859  0.29667602996254683
0.2859547859547859  0.2860695973366382
0.2859547859547859  0.2734154126766985
0.2859547859547859  0.26083447332421333
0.2859547859547859  0.26083447332421333
0.2859547859547859  0.2558132118075585
0.2859547859547859  0.23796169630642958
0.2859547859547859  0.23953257626951036
0.2859547859547859  0.23407472636948687
0.2859547859547859  0.23852192039606537
0.2859547859547859  0.18461945647144623
0.2859547859547859  0.14645678294080122
0.2859547859547859  0.13412382771070586
0.2859547859547859  0.1380724285929765
0.2859547859547859  0.14953026505658087
0.2859547859547859  0.14433001422475103
0.2859547859547859  0.12507138356813913
0.2859547859547859  0.12902007270428323
0.2859547859547859  0.13112513017704078
0.28890174626551646  0.13291464499827876
0.28890174626551646  0.12372397865741484
0.28890174626551646  0.11038298767422952
0.2919100801832761  0.09305571986397174
0.2919100801832761  0.07848645127111319
0.2919100801832761  0.05931560511285904
0.2919100801832761  0.04682916303658359
0.2949817251461988  0.04682442844696095
0.2949817251461988  0.05524301449025651
0.2919100801832761  0.05681584860689335
0.2919100801832761  0.052196360853077245
0.2919100801832761  0.038081293706293685
0.2919100801832761  0.031750217375217375
0.2919100801832761  0.042972524163362356
0.2919100801832761  0.04556211597542244
0.2919100801832761  0.045661322324628786
0.2919100801832761  0.028632389849999586
0.2919100801832761  0.01911440714719404
0.2919100801832761  0.017875819462281655
0.2919100801832761  0.016047358834244078
0.2919100801832761  0.016056466302367938
0.2919100801832761  0.016374764595103584
0.2919100801832761  0.016083788706739526
0.2919100801832761  0.01587813620071684
0.2919100801832761  0.016003584229390678
0.2919100801832761  0.016093189964157702
0.2919100801832761  0.015949820788530463
0.2919100801832761  0.015670720958928255
0.2919100801832761  0.01583818085668959
0.2919100801832761  0.015591397849462356
0.2919100801832761  0.015591397849462356
0.2919100801832761  0.015591397849462356
0.2919100801832761  0.015846994535519132
0.2919100801832761  0.015846994535519132
0.2919100801832761  0.015846994535519132
0.2919100801832761  0.015938069216757743
0.2919100801832761  0.016032231175326487
0.2919100801832761  0.01649425287356321
0.2919100801832761  0.01652055328268069
0.2919100801832761  0.016817906836055656
