0.0  0.0
0.16433333333333333  0.0
0.5026666666666659  0.232
0.5703333333333325  0.34799999999999975
0.3866666666666663  0.25133333333333335
0.48333333333333267  0.4059999999999996
0.5799999999999991  0.5799999999999991
0.48333333333333267  0.48333333333333267
0.3866666666666663  0.3866666666666663
0.5799999999999991  0.5799999999999991
0.5799999999999991  0.5799999999999991
0.2899999999999999  0.2899999999999999
0.5799999999999991  0.5799999999999991
0.5799999999999991  0.5799999999999991
0.3866666666666663  0.3866666666666663
0.48333333333333267  0.48333333333333267
0.5799999999999991  0.6003333333333338
0.48333333333333267  0.5170000000000002
0.3866666666666663  0.4126666666666667
0.5799999999999991  0.5563333333333331
0.5799999999999991  0.5473333333333327
0.2899999999999999  0.291
0.5799999999999991  0.5819999999999993
0.5799999999999991  0.5719999999999995
0.3866666666666663  0.3773333333333332
0.49333333333333385  0.4716666666666663
0.6000000000000008  0.5729999999999997
0.5000000000000004  0.45966666666666645
0.40000000000000024  0.3403333333333333
0.5899999999999992  0.519333333333333
0.5799999999999991  0.5373333333333328
0.2899999999999999  0.29699999999999993
0.5799999999999991  0.615
0.5799999999999991  0.6463333333333334
0.3866666666666663  0.45099999999999985
0.49333333333333385  0.5583333333333331
0.6000000000000008  0.6536666666666664
0.5000000000000004  0.5306666666666671
0.41000000000000003  0.3716666666666665
0.6400000000000003  0.5266666666666663
0.6400000000000003  0.5623333333333331
0.3200000000000001  0.31100000000000005
0.6499999999999996  0.6426666666666668
0.6496666666666668  0.6683333333333333
0.4256666666666669  0.4629999999999997
0.530666666666667  0.5559999999999997
0.6373333333333336  0.6653333333333332
0.5426666666666669  0.6079999999999995
0.4233333333333335  0.4819999999999997
0.6253333333333335  0.7359999999999997
0.6199999999999999  0.7023333333333335
0.3099999999999999  0.3649999999999999
0.6199999999999999  0.726666666666666
0.6000000000000008  0.6779999999999994
0.40000000000000024  0.43466666666666676
0.5000000000000004  0.6026666666666664
0.6000000000000008  0.7440000000000001
0.5166666666666669  0.6443333333333338
0.4180000000000001  0.49466666666666637
0.6293333333333331  0.7233333333333333
0.6386666666666663  0.7996666666666667
0.3200000000000001  0.39833333333333354
0.6400000000000003  0.8033333333333339
0.6400000000000003  0.8253333333333338
0.4519999999999999  0.5503333333333335
0.5726666666666664  0.6970000000000004
0.6946666666666669  0.8190000000000006
0.5676666666666664  0.7146666666666668
0.47366666666666646  0.5733333333333335
0.7159999999999999  0.8263333333333326
0.6986666666666669  0.7800000000000005
0.35466666666666663  0.4020000000000002
0.7093333333333333  0.799333333333333
0.7070000000000003  0.7979999999999994
0.4709999999999997  0.5110000000000003
0.5956666666666662  0.625
0.7153333333333329  0.7346666666666661
0.5833333333333333  0.6206666666666666
0.4566666666666666  0.5060000000000003
0.6426666666666668  0.7513333333333334
0.6413333333333336  0.746
0.33  0.3830000000000002
0.6780000000000004  0.7660000000000001
0.6896666666666663  0.767666666666667
0.44000000000000006  0.5103333333333337
0.55  0.6423333333333338
0.6599999999999995  0.7873333333333333
0.55  0.6346666666666665
0.44000000000000006  0.5193333333333336
0.6599999999999995  0.781
0.6599999999999995  0.791333333333333
0.33  0.3950000000000001
0.6599999999999995  0.7896666666666666
0.6579999999999995  0.732666666666667
0.4533333333333332  0.45766666666666644
0.5666666666666665  0.6200000000000002
0.6799999999999998  0.7650000000000002
0.5666666666666665  0.6333333333333336
0.4533333333333332  0.4406666666666666
0.6799999999999998  0.7243333333333333
0.7000000000000004  0.37999999999999995
