0.0  0.0
0.10740740740740738  0.0
0.23434343434343444  0.009764309764309764
0.2636363636363638  0.08787878787878786
0.2831649831649833  0.1269360269360269
0.2831649831649833  0.18552188552188556
0.29292929292929304  0.23434343434343444
0.29244829244829257  0.2636363636363638
0.2917267917267918  0.27340067340067353
0.29220779220779225  0.27340067340067353
0.29220779220779225  0.2831649831649833
0.29196729196729204  0.2831649831649833
0.29196729196729204  0.2831649831649833
0.29196729196729204  0.279076479076479
0.29196729196729204  0.2807599807599808
0.29220779220779225  0.2831649831649833
0.29220779220779225  0.2831649831649833
0.29220779220779225  0.2831649831649833
0.29220779220779225  0.27883597883597877
0.2924482924482925  0.27643097643097636
0.2926887926887928  0.27643097643097636
0.28595478595478596  0.27643097643097636
0.28595478595478596  0.27643097643097636
0.2844820319047123  0.27927975313836867
0.2788414334806087  0.2733089627603619
0.28300927785463864  0.27151949891911903
0.28595478595478596  0.27970760233918135
0.2857093269464403  0.2821878579610539
0.2854638679380947  0.2821878579610539
0.28154148257241035  0.27927975313836867
0.2788414334806087  0.27927975313836867
0.28174398625429553  0.29062353047567363
0.28174398625429553  0.2828331466965287
0.2859378287397433  0.2872971378342905
0.28890174626551646  0.2770453482935951
0.28890174626551646  0.2739597942964001
0.28890174626551646  0.2739597942964001
0.28890174626551646  0.27535495109312985
0.28890174626551646  0.28116088092571856
0.2919100801832761  0.28515716374269007
0.2919100801832761  0.29103435672514616
0.2919100801832761  0.2841151082493469
0.2919100801832761  0.27815976110489
0.2919100801832761  0.2691526689063082
0.28906493036715497  0.2710173110653548
0.28830452969449294  0.27703987745317454
0.28773422918999636  0.2732248465591641
0.28773422918999636  0.26342784624617444
0.28830452969449283  0.26313565363280367
0.28773422918999636  0.2625319027604843
0.28773422918999636  0.26180552435737287
0.28773422918999636  0.2537634408602151
0.28470760233918113  0.24097715489019836
0.28470760233918113  0.2409030378693301
0.28470760233918113  0.2403327280293573
0.28174398625429553  0.240041017823854
0.28174398625429553  0.2259884522612148
0.2889276240429252  0.2532044755732911
0.2919100801832761  0.2571125754666105
0.28719298245614017  0.23411432845689495
0.28470760233918113  0.2105322128851541
0.28470760233918113  0.2105322128851541
0.28470760233918113  0.20806657546739635
0.28470760233918113  0.21353846759587372
0.28773422918999636  0.21397528489307371
0.28773422918999636  0.22459425499113086
0.28470760233918113  0.24363295880149816
0.28773422918999636  0.2517829253156391
0.28773422918999636  0.2649982975825671
0.28773422918999636  0.26202663337494786
0.28773422918999636  0.26655123346395876
0.28773422918999636  0.2340327408491002
0.28773422918999636  0.22484761407175208
0.28773422918999636  0.22484761407175208
0.28773422918999636  0.22484761407175208
0.28773422918999636  0.22454911990798126
0.28174398625429553  0.21724394756566098
0.28174398625429553  0.21948016415868682
0.28174398625429553  0.21908800729594172
0.28174398625429553  0.22771209258897362
0.28174398625429553  0.24769540771150858
0.2788414334806087  0.26305401946626267
0.2788414334806087  0.2616545149284397
0.2788414334806087  0.24289254298084473
0.2788414334806087  0.23481322494247633
0.2788414334806087  0.23011855905152764
0.28174398625429553  0.23284780578898226
0.28174398625429553  0.23284780578898226
0.28174398625429553  0.2315937334570289
0.28174398625429553  0.23688800834420912
0.28174398625429553  0.23273844154074358
0.28174398625429553  0.23011855905152764
0.28174398625429553  0.23011855905152764
0.28174398625429553  0.23011855905152764
0.28174398625429553  0.23011855905152764
0.28174398625429553  0.23011855905152764
0.28174398625429553  0.22573587252313723
0.28174398625429553  0.23850524047409155
0.28174398625429553  0.23809368760800506
0.28174398625429553  0.23754815495386924
0.28174398625429553  0.2147010194644473
