-1.0  -1.0
-0.5203291685557915  -1.0
-0.5327715744059505  -1.3228176497258233
-0.33526005557598243  -0.9842264745887349
-0.20469608287637245  -0.5997191205363086
-0.25587010359546547  -0.48159755368685747
-0.30704412431455846  -0.30704412431455846
-0.25587010359546547  -0.25587010359546547
-0.20469608287637245  -0.20469608287637245
-0.30704412431455846  -0.30704412431455846
-0.30704412431455846  -0.30704412431455846
-0.15352206215727943  -0.15352206215727943
-0.30704412431455846  -0.30704412431455846
-0.30704412431455846  -0.30704412431455846
-0.20469608287637245  -0.20469608287637245
-0.25587010359546547  -0.25587010359546547
-0.30704412431455846  -0.13508053446823323
-0.25587010359546547  -0.0810265494672417
-0.20469608287637245  -0.06900413778480816
-0.30704412431455846  -0.42069628020414124
-0.30704412431455846  -0.46159857350094097
-0.15352206215727943  -0.15727638857877332
-0.30704412431455846  -0.3145527771575465
-0.30704412431455846  -0.35423006312701655
-0.20469608287637245  -0.24874835947122348
-0.16469601007704135  -0.31093544933902934
-0.12469593727770985  -0.34831693544386993
-0.10391328106475824  -0.3753488664239709
-0.08313062485180663  -0.4105447856461539
-0.21587003079613423  -0.5808325392699072
-0.30704412431455846  -0.5180356132432171
-0.15352206215727943  -0.16733712286087057
-0.30704412431455846  -0.25937137893466744
-0.30704412431455846  -0.14476014014623184
-0.20469608287637245  -0.04341165205245532
-0.16469601007704135  -0.05850408119985159
-0.12469593727770985  -0.1257782972767296
-0.10391328106475824  -0.16164745465355557
-0.03357481548717393  -0.33133546599531355
0.04454354031873735  -0.6138773276431967
0.04454354031873735  -0.512601878869644
0.022271770159368695  -0.15891176875955038
0.07233438759154458  -0.2378081061998867
0.07116558994375818  -0.14555036860789866
0.02618930060246582  -0.05055595848287003
0.02776923574999022  -0.12724585678780562
0.03519315913644643  -0.16119975606431602
0.06039094426128049  0.01420947378669933
0.01631066456377839  -0.007380740178542089
-0.006883556183862696  -0.0033581210460649916
-0.02558431854844456  -0.09231498806701491
-0.012792159274222278  -0.014135284074844346
-0.02558431854844456  -0.035611818894188
-0.12469593727770985  -0.223695120334815
-0.08313062485180663  -0.19667630820861956
-0.10391328106475824  -0.08776055662963039
-0.12469593727770985  -0.06000468804938787
-0.021320265457037132  0.005873317764037266
-0.0023900978008034577  -0.031381982212782995
0.003747910581207931  -0.09706057933880703
0.0330801397108604  -0.020727344505780017
0.022271770159368695  -0.03460044024926391
0.04454354031873735  -0.06445446138371164
0.04454354031873735  -0.010791750102413506
0.09488587108481879  -0.027603954701991187
0.1341858448880309  -0.026825083372852155
0.17642024204431858  -0.042068110293128826
0.12457206913611381  0.03759977373630565
0.13779933356310534  0.03826822117981786
0.21780863367590467  -0.006497124498706571
0.18541527925142362  -0.05009027107347344
0.10272708804226831  -0.002920377170015998
0.20545417608453656  -0.021927594691964588
0.20113011592755767  0.013595655120119869
0.13346902107213676  -0.03900290648691727
0.17965402609121545  -0.09702867012519323
0.21657318791676788  -0.16904126681182718
0.15679827954718428  -0.11207267686753827
0.1048687020987663  -0.07564791087574253
0.05195443292481927  -0.14859722913458226
0.04824898662177831  -0.16656564573919586
0.05006261743217588  -0.06770432405129599
0.14002760085269017  -0.13540864810259204
0.16690234986634056  -0.1154111342969318
0.06675015657623451  -0.09138990485558109
0.0834376957202932  -0.0999694460590848
0.10012523486435192  -0.08188847153416332
0.0834376957202932  -0.15421703527572833
0.06675015657623451  -0.12069847105127679
0.10012523486435192  -0.1915430370085898
0.10012523486435192  -0.1586875530472702
0.05006261743217588  -0.08147480306581771
0.10012523486435192  -0.16391278672792856
0.09456706540979042  -0.3420576149423501
0.0980120615857726  -0.32222819872998676
0.12251507698221568  -0.2557200548241452
0.1470180923786588  -0.24205597024646153
0.12251507698221568  -0.21470383004813362
0.0980120615857726  -0.3541334955771886
0.1470180923786588  -0.3307946194839259
0.1881579354566211  -1.3357606670982511
