0.0  0.0
0.40414285714285736  0.0
0.8181428571428563  0.4348571428571431
0.8772857142857132  0.41414285714285737
0.7491428571428566  0.49285714285714305
0.8575714285714275  0.660428571428571
0.946285714285713  0.7688571428571421
0.8477142857142848  0.7491428571428566
0.778714285714285  0.7392857142857137
0.9812857142857144  0.9561428571428559
0.9605714285714289  0.9659999999999986
0.6702857142857154  0.6801428571428567
0.9684285714285717  0.9857142857142843
0.9715714285714289  0.9857142857142843
0.777285714285714  0.8085714285714293
0.8745714285714282  0.9128571428571437
0.9715714285714289  1.0142857142857142
0.8432857142857128  0.9128571428571437
0.7455714285714277  0.8114285714285722
0.9334285714285698  1.0142857142857142
0.9449999999999976  1.0142857142857142
0.6704285714285726  0.7100000000000006
0.9667142857142863  1.0142857142857142
0.9705714285714285  1.0142857142857142
0.7674285714285713  0.8305714285714277
0.8507142857142841  0.9771428571428569
0.9437142857142835  1.085714285714286
0.8612857142857154  0.9771428571428569
0.7675714285714293  0.8685714285714279
0.9777142857142846  1.085714285714286
0.9801428571428563  1.085714285714286
0.700285714285715  0.7700000000000011
0.9971428571428573  1.1000000000000008
0.9868571428571417  1.1000000000000008
0.7892857142857138  0.8800000000000016
0.895999999999999  1.002857142857144
1.0322857142857131  1.1142857142857154
0.9490000000000001  1.002857142857144
0.8558571428571428  0.9028571428571421
1.0675714285714277  1.1285714285714294
1.0531428571428567  1.1285714285714294
0.7359999999999995  0.7899999999999994
1.0471428571428563  1.1285714285714294
1.0434285714285705  1.1285714285714294
0.8400000000000004  0.9128571428571415
0.951571428571429  1.0285714285714267
1.057285714285714  1.1428571428571406
0.951000000000001  1.0285714285714267
0.8248571428571431  0.9142857142857128
1.0484285714285697  1.1428571428571406
1.0714285714285714  1.1428571428571406
0.75  0.7999999999999989
1.0714285714285714  1.1428571428571406
1.0714285714285714  1.1428571428571406
0.8671428571428564  0.9142857142857128
0.9631428571428577  1.0285714285714267
1.0465714285714276  1.1428571428571406
0.945714285714286  1.0285714285714267
0.8460000000000006  0.9142857142857128
1.0701428571428573  1.1428571428571406
1.0611428571428572  1.1428571428571406
0.7375714285714285  0.7657142857142848
1.0545714285714285  1.0935714285714269
1.057285714285714  1.0935714285714269
0.8561428571428571  0.8757142857142844
0.9731428571428566  0.9857142857142843
1.085857142857143  1.0892857142857126
0.9774285714285711  0.9878571428571413
0.8687142857142851  0.733857142857143
1.085857142857143  0.917857142857143
1.086  0.9174285714285716
0.7701428571428582  0.6422857142857143
1.100142857142858  0.9175714285714288
1.100142857142858  0.9175714285714288
0.8810000000000013  0.8674285714285718
1.002857142857144  0.9985714285714291
1.1142857142857154  1.103571428571429
1.002857142857144  0.8772857142857128
0.8914285714285723  0.7452857142857132
1.1142857142857154  0.9321428571428555
1.1142857142857154  0.931714285714284
0.7800000000000007  0.6522857142857136
1.1142857142857154  0.9318571428571413
1.1142857142857154  0.9318571428571413
0.8914285714285723  0.7454285714285704
1.002857142857144  0.8385714285714272
1.1142857142857154  0.9321428571428555
1.002857142857144  0.8384285714285701
0.8914285714285723  0.7452857142857132
1.1142857142857154  0.9321428571428555
1.1142857142857154  0.931714285714284
0.7800000000000007  0.659999999999999
1.1134285714285725  0.9428571428571404
1.1071428571428579  0.9428571428571404
0.890142857142858  0.7642857142857156
1.0288571428571411  0.8514285714285702
1.1501428571428587  0.94642857142857
1.0414285714285727  0.8512857142857131
0.9371428571428573  0.7567142857142848
1.1708571428571413  0.94642857142857
1.1641428571428554  0.9459999999999985
