0.0  0.0
0.008367346938775508  0.0
0.01693877551020405  0.016326530612244892
0.018163265306122413  0.014693877551020404
0.015510204081632626  0.010204081632653052
0.017755102040816293  0.01367346938775508
0.019591836734693835  0.015918367346938748
0.017551020408163233  0.015510204081632626
0.016122448979591808  0.015306122448979565
0.026734693877550952  0.0197959183673469
0.05632653061224481  0.01999999999999996
0.0424489795918367  0.0140816326530612
0.04510204081632642  0.02040816326530608
0.040612244897959095  0.02040816326530608
0.03244897959183668  0.016326530612244868
0.03632653061224483  0.018367346938775474
0.040612244897959095  0.02040816326530608
0.08102040816326526  0.018367346938775474
0.0777551020408163  0.016326530612244868
0.09510204081632646  0.02040816326530608
0.0785714285714284  0.02040816326530608
0.05653061224489787  0.014285714285714263
0.06795918367346926  0.02040816326530608
0.06244897959183663  0.02040816326530608
0.0628571428571428  0.016326530612244868
0.08877551020408159  0.018367346938775474
0.10081632653061215  0.02040816326530608
0.08795918367346932  0.018367346938775474
0.07897959183673467  0.016326530612244868
0.07265306122448964  0.02040816326530608
0.06918367346938763  0.02040816326530608
0.0424489795918367  0.014285714285714263
0.06530612244897949  0.02040816326530608
0.07999999999999984  0.02040816326530608
0.06428571428571417  0.016326530612244868
0.07183673469387741  0.018367346938775474
0.06530612244897947  0.02040816326530608
0.029183673469387703  0.018367346938775474
0.016326530612244868  0.016326530612244868
0.02530612244897953  0.02040816326530608
0.04285714285714278  0.02040816326530608
0.03428571428571426  0.014285714285714263
0.05510204081632645  0.02040816326530608
0.060408163265306035  0.02040816326530608
0.04081632653061219  0.016326530612244868
0.036530612244897884  0.018367346938775474
0.040612244897959095  0.02040816326530608
0.03734693877551013  0.018367346938775474
0.06244897959183674  0.016326530612244868
0.053265306122448904  0.02040816326530608
0.02040816326530608  0.02040816326530608
0.014285714285714263  0.014285714285714263
0.02040816326530608  0.02040816326530608
0.02040816326530608  0.02040816326530608
0.016326530612244868  0.016326530612244868
0.03836734693877546  0.018367346938775474
0.07632653061224474  0.02040816326530608
0.06326530612244886  0.018367346938775474
0.048571428571428515  0.016326530612244868
0.042653061224489704  0.02040816326530608
0.055510204081632555  0.02040816326530608
0.04632653061224484  0.06326530612244896
0.06489795918367336  0.09081632653061221
0.061020408163265205  0.09081632653061221
0.04836734693877546  0.0714285714285714
0.042448979591836654  0.07959183673469385
0.040612244897959095  0.09693877551020405
0.03632653061224483  0.07653061224489793
0.03244897959183668  0.27408163265306096
0.040612244897959095  0.34183673469387743
0.04040816326530604  0.34244897959183657
0.028367346938775462  0.23959183673469348
0.040612244897959095  0.34224489795918356
0.040612244897959095  0.34224489795918356
0.031224489795918315  0.09755102040816324
0.018367346938775474  0.07959183673469385
0.02040816326530608  0.09693877551020405
0.018367346938775474  0.25285714285714256
0.016326530612244868  0.27408163265306096
0.02040816326530608  0.34183673469387743
0.02040816326530608  0.34244897959183657
0.014285714285714263  0.23959183673469348
0.02040816326530608  0.34224489795918356
0.02040816326530608  0.34224489795918356
0.016326530612244868  0.2738775510204079
0.018367346938775474  0.30816326530612226
0.02040816326530608  0.34183673469387743
0.018367346938775474  0.3083673469387753
0.016326530612244868  0.27408163265306096
0.02040816326530608  0.34183673469387743
0.02040816326530608  0.34244897959183657
0.014285714285714263  0.23959183673469348
0.021632653061224447  0.34224489795918356
0.03061224489795912  0.34224489795918356
0.03244897959183668  0.2738775510204079
0.03632653061224483  0.30816326530612226
0.03040816326530607  0.34183673469387743
0.018367346938775474  0.3083673469387753
0.016326530612244868  0.27408163265306096
0.02122448979591832  0.34183673469387743
0.03081632653061222  0.34244897959183657
