0.0  0.0
0.4782755705832626  0.0
0.9682163989856294  0.5126970548698517
1.0382079459002538  0.4890687830955644
0.8865595942519012  0.5832628909551982
1.0148774302620456  0.7815722738799656
1.1198647506339823  0.9098901098901092
1.0032121724429417  0.8865595942519012
0.9215553677092132  0.8748943364327973
1.163406190878718  1.1315300084530864
1.1487057848895268  1.1431952662721905
0.8025988838649223  0.8049027895181735
1.1543227998778443  1.1665257819103985
1.1565632170027782  1.1665257819103985
0.9252706999959753  0.9429998835802599
1.0410175904681405  1.0624465355004262
1.1565632170027782  1.180496150556029
1.0184882487076723  1.0624465355004262
0.9024111064367906  0.9443969204448233
1.12907903485784  1.180496150556029
1.1375184227070825  1.180496150556029
0.8003098106712555  0.8263473053892204
1.1497750110793885  1.180496150556029
1.1525620703515498  1.180496150556029
0.9155061113238018  0.9540666992654591
1.0207291885311267  1.0952380952380958
1.1330275575270872  1.2169312169312168
1.0260125092787844  1.0952380952380958
0.9128338394406539  0.9735449735449746
1.1543469349725475  1.2169312169312168
1.1561339434392623  1.2169312169312168
0.8172780065463002  0.8571428571428559
1.1651701254005604  1.2244897959183674
1.1577068131130666  1.2244897959183674
0.9260223167525282  0.9795918367346929
1.0459261515431002  1.1089285714285697
1.1829989735277795  1.232142857142855
1.0791888340583604  1.1089285714285697
0.9669165707527739  0.9919137466307266
1.206805799495576  1.2398921832884078
1.1969404956910703  1.2398921832884078
0.8366216949026329  0.8679245283018859
1.1920864964343207  1.2398921832884078
1.1894092258481475  1.2398921832884078
0.9553154848179549  0.9974069398478298
1.079466787851246  1.1229656419529856
1.1993962411140326  1.2477396021699843
1.0790536366093022  1.1229656419529856
0.9442724236534051  0.998191681735987
1.1929889059611876  1.2477396021699843
1.209465381244523  1.2477396021699843
0.8466257668711649  0.8734177215189884
1.209465381244523  1.2477396021699843
1.209465381244523  1.2477396021699843
0.9727983899763051  0.998191681735987
1.0852197188692272  1.1229656419529856
1.1886994609164414  1.2477396021699843
1.0725910455331527  1.1229656419529856
0.9573491570541253  0.998191681735987
1.205813943935063  1.2477396021699843
1.199315496730094  1.2477396021699843
0.8357217985635592  0.8464067577991636
1.1945446250690603  1.208911341822736
1.196530423900488  1.2089113418227357
0.9627199513931894  0.967804347551184
1.0899627775638554  1.0892019373032045
1.21438775510204  1.205534971357758
1.093061224489796  1.0908901225356935
0.9715306122448985  0.8552475693320772
1.21438775510204  1.0695290624868106
1.2144897959183667  1.0691533818294396
0.8554481132075467  0.7484825034120817
1.2220249326145538  1.0692786087152302
1.2220249326145538  1.06927860871523
0.9782535938903855  0.9588043247682599
1.1089285714285697  1.0962847146573704
1.232142857142855  1.2133950198003307
1.1089285714285697  0.9998446295062702
0.9857142857142843  0.8613039941778337
1.232142857142855  1.0771009032920942
1.232142857142855  1.0767241748362528
0.8624999999999989  0.7537822680765451
1.232142857142855  1.0768497509882
1.232142857142855  1.0768497509881998
0.9857142857142843  0.8614295703297808
1.1089285714285697  0.9690768725830168
1.232142857142855  1.0771009032920942
1.1089285714285697  0.9689512964310696
0.9857142857142843  0.8613039941778337
1.232142857142855  1.0771009032920942
1.232142857142855  1.0767241748362528
0.8624999999999989  0.7579246910031624
1.2315296495956851  1.0827565392354126
1.2270327942497739  1.0827565392354126
0.98305412444414  0.8716206411678611
1.1210844357341168  0.9759878419452899
1.2506567742236532  1.0847807207989586
1.1301182893539576  0.9758619192357805
1.010989010989012  0.8674468085106395
1.263325062034741  1.0847807207989586
1.2584627354212625  1.0844029526704304
