0.0  0.0
0.4082251082251079  0.0
0.8264069264069253  0.4409966637612337
0.8861471861471848  0.42002394477673227
0.7567099567099557  0.49783549783549735
0.866233766233765  0.6670995670995663
0.9558441558441548  0.7766233766233755
0.8562770562770551  0.7567099567099557
0.7865800865800855  0.7467532467532457
0.9943016167505949  0.9658008658008649
0.9878140873433318  0.9757575757575748
0.6908118180998474  0.6870129870129862
0.9903059630600115  0.9956709956709949
0.9912978178284287  0.9956709956709949
0.7930470889654553  0.8109073057526673
0.8922166269105032  0.9145802650957298
0.9912978178284287  1.0162002945508108
0.8821686817506628  0.9145802650957298
0.7828448376094874  0.8129602356406487
0.9790345709634908  1.0162002945508108
0.9828332106038293  1.0162002945508108
0.6948731203007525  0.7113402061855675
0.9955238127535329  1.0162002945508108
0.9967493798930298  1.0162002945508108
0.7945156372918478  0.8275128865979381
0.8897517063936425  0.9642857142857143
0.9881173700379967  1.0714285714285714
0.8973614713931869  0.9642857142857143
0.7993590822569825  0.8571428571428571
1.0049863763733273  1.0714285714285714
1.0057690769476866  1.0714285714285714
0.7128523436250191  0.7582417582417589
1.0173518559611088  1.0832025117739397
1.014176002807293  1.0832025117739397
0.8112805176978141  0.8665620094191531
0.9188652059093331  0.9857142857142849
1.044889578569361  1.0952380952380942
0.9458277234186371  0.9857142857142849
0.8469326036866361  0.886035313001604
1.0586148817872174  1.107544141252005
1.053489635595084  1.107544141252005
0.7379828746689101  0.7752808988764036
1.053033922599141  1.107544141252005
1.0519691488635599  1.107544141252005
0.8430815027489048  0.8948453232161084
0.9503506311360453  1.0081168831168814
1.0559406932478468  1.120129870129868
0.9501859390859597  1.0081168831168814
0.8386496389884069  0.8961038961038947
1.0533853523905283  1.120129870129868
1.0599078341013815  1.120129870129868
0.7419354838709679  0.7840909090909082
1.0599078341013815  1.120129870129868
1.0599078341013815  1.120129870129868
0.8559907834101382  0.8961038961038947
0.9604158949664565  1.0081168831168814
1.0604565721419659  1.120129870129868
0.9554904485562602  1.0081168831168814
0.8508738880167461  0.8961038961038947
1.0671419849991266  1.120129870129868
1.064614512471656  1.120129870129868
0.743745298753325  0.7739503647037886
1.0627509961057318  1.1055528375733839
1.0635312805617785  1.1055528375733839
0.8592767870616986  0.8846957836683855
0.9703290823676044  0.9954412026329822
1.0794034536891677  1.104285269524994
0.9715053200767477  0.9960749866571772
0.8635304378161511  0.8421477495107644
1.0794034536891677  1.0528783431180708
1.079441828013256  1.0527234181343785
0.7640823970037447  0.7369373776908033
1.091530230069555  1.0527750597956094
1.091530230069555  1.0527750597956094
0.8734563937934717  0.888513245008286
0.9857142857142849  1.0073891625615767
1.0952380952380942  1.1176108374384235
0.9857142857142849  0.9720373967945617
0.8761904761904755  0.8539738430583512
1.0952380952380942  1.0676559356136837
1.0952380952380942  1.0675050301810882
0.7666666666666662  0.7472837022132804
1.0952380952380942  1.0675553319919533
1.0952380952380942  1.0675553319919533
0.8761904761904755  0.8540241448692163
0.9857142857142849  0.9607645875251523
1.0952380952380942  1.0676559356136837
0.9857142857142849  0.9607142857142872
0.8761904761904755  0.8539738430583512
1.0952380952380942  1.0676559356136837
1.0952380952380942  1.0675050301810882
0.7666666666666662  0.7555102040816332
1.0950133761369707  1.0792857142857142
1.0933654360620644  1.0792857142857142
0.8819130307894358  0.8743488258745009
1.0166800320769847  0.9744466800804834
1.1313208844082943  1.0828542684679507
1.0197044334975376  0.9743978154642144
0.9169435215946854  0.8661368209255539
1.1460465116279084  1.0828542684679507
1.1444668565100478  1.0827076746191433
