0.25  0.25
0.30595117366134106  0.3333333333333333
0.4139216593888811  0.5071428521700103
0.47454100828489654  0.6049829622160121
0.49009931554503805  0.6441045036899139
0.5131759678055694  0.6927272105647333
0.5329012162046566  0.7433974777118456
0.5357302867271025  0.7671760021707553
0.5279525499850543  0.77580571103698
0.529633895266927  0.8019078578126637
0.5286480833823118  0.8234155356880642
0.5152697208225329  0.8162604176611128
0.5147239700448206  0.8330095516075272
0.5142186623406081  0.8475254676944196
0.5075737413523759  0.8481321141080921
0.5049079496460386  0.8553048145122206
0.5048939551069817  0.8676896184606954
0.5023252331246848  0.8733122527945828
0.49745428027065947  0.8732704930896739
0.4979249815055319  0.883642746007192
0.4983106968975228  0.8930541948054066
0.4919352587685283  0.8874937038406594
0.49231111731636346  0.8960609562963655
0.4925956643019194  0.903942828555615
0.488915307393086  0.9040065234938354
0.4870673599246885  0.9103053213677146
0.48701009566287734  0.9204295263154206
0.48527715436474067  0.9256178190276136
0.4819330789631595  0.9267419134836806
0.481331340103302  0.9355448740595967
0.48079829000004404  0.9437862027132669
0.4761084474813022  0.9410390051660666
0.47576894036532785  0.9492076264439935
0.47521215351112295  0.9569094693631816
0.4720576985551864  0.9574446046758778
0.47016803552885966  0.9615379745436635
0.46928462222425166  0.9686668591266078
0.46734291352088964  0.972288217661205
0.4644116672374457  0.9729147678082996
0.463736418456218  0.979602695595269
0.4630735063541786  0.9859639215325197
0.45936473673212397  0.9832900862708643
0.4587036376823183  0.9892218049040642
0.4579764012346443  0.9948898915980108
0.4555185574518328  0.9950880029387205
0.45412538375897277  0.9980263456587264
0.4537376405339296  1.0034715986250722
0.45251083526828106  1.0061525756396321
0.4503152682266944  1.0062333055103971
0.44995725926474994  1.0112705003833224
0.44972355841549067  1.0161078968756394
0.4469677486133187  1.0136631531522469
0.44670797037687066  1.01834523118985
0.4464722180367899  1.0228570518442675
0.4446900792136848  1.0227541560844546
0.4436662638495177  1.0249130796784884
0.44336014560439485  1.0291973198058704
0.44232798938238593  1.031184810459087
0.4406188233519084  1.0310676324411305
0.4403851606560177  1.0351574270786768
0.4400816694283689  1.0391107451975363
0.43778689414435334  1.0372499499642795
0.43752070532504556  1.0416238416157462
0.4372318048198412  1.0458631519856292
0.4356851072587605  1.0460030045862152
0.4348394284304633  1.0481334758902274
0.43465306681141974  1.0522002676721458
0.4338478808731833  1.0541590942362482
0.43245123554570725  1.0554262091092812
0.4322454607892076  1.0606817754484188
0.4320815570802392  1.0657913538336652
0.4302016382991963  1.0648901023241624
0.43009743731712735  1.0698047147182377
0.42999383052049833  1.0745882707818042
0.4287917059134926  1.0744962647529226
0.42821660539040324  1.0759723301883328
0.428192775382121  1.0791527080601715
0.42761595984906076  1.081467495271907
0.4265202334551879  1.0822348657728653
0.4265023112872697  1.086510625691571
0.42648249855970616  1.0906820987829686
0.4249287991310887  1.0895895432983258
0.42492630141048815  1.0936250418229658
0.42492081168778584  1.0975655874411439
0.4239186384169039  1.0980922333496956
0.4234104138933478  1.1002488085714164
0.4234051294620275  1.1039797473331148
0.4229187252622558  1.1060217083486625
0.421982957232551  1.106430990876985
0.42198893903711093  1.1099709955912385
0.42198320527654115  1.1134340436812522
0.4206279227576255  1.1122143227148278
0.4206620261588351  1.1155798237468029
0.42069956404320535  1.1188744721254735
0.41986298809970585  1.1191242915351067
0.41949380537189285  1.1208417140738047
0.41955614022093934  1.1239818131114891
0.41917912132918717  1.125615474371609
0.41839292389460425  1.1257878909881147
0.4184718189294326  1.1287857477112984
0.41857309732004366  1.1317248229300907
