0.0  0.0
0.5857142857142857  0.0
1.1857142857142857  0.6076190476190475
1.2714285714285714  0.5852380952380949
1.0857142857142856  0.7142857142857143
1.2428571428571429  0.9571428571428572
1.3714285714285714  1.1142857142857143
1.2285714285714286  1.0857142857142856
1.1285714285714286  1.0714285714285714
1.4285714285714286  1.3857142857142857
1.4285714285714286  1.4
1.0  0.9857142857142858
1.4285714285714286  1.4285714285714286
1.4285714285714286  1.4285714285714286
1.1428571428571428  1.0761904761904753
1.2857142857142858  1.1999999999999995
1.4285714285714286  1.3333333333333335
1.2857142857142858  1.1999999999999995
1.1428571428571428  1.0666666666666658
1.4285714285714286  1.3333333333333335
1.4285714285714286  1.3333333333333335
0.9666666666666671  0.9333333333333318
1.3809523809523823  1.3333333333333335
1.3809523809523823  1.3333333333333335
1.1047619047619055  1.0028571428571424
1.2428571428571438  0.9857142857142849
1.3809523809523823  1.0952380952380942
1.2095238095238092  0.9857142857142849
1.0666666666666658  0.8761904761904755
1.3333333333333335  1.0952380952380942
1.3333333333333335  1.0952380952380942
0.899999999999999  0.7333333333333338
1.285714285714287  1.0476190476190486
1.285714285714287  1.0476190476190486
1.0285714285714282  0.8380952380952388
1.1314285714285715  0.9000000000000016
1.1685714285714266  1.0000000000000018
1.0542857142857127  0.9000000000000016
0.9185714285714273  0.7619047619047611
1.1442857142857121  0.9523809523809512
1.1514285714285697  0.9523809523809512
0.7999999999999989  0.6666666666666662
1.1428571428571406  0.9523809523809512
1.1428571428571406  0.9523809523809512
0.9142857142857128  0.7285714285714282
1.0285714285714267  0.8142857142857137
1.1428571428571406  0.9047619047619042
1.0285714285714267  0.8142857142857137
0.9142857142857128  0.7238095238095233
1.1428571428571406  0.9047619047619042
1.1428571428571406  0.9047619047619042
0.7999999999999989  0.633333333333333
1.1428571428571406  0.9047619047619042
1.1428571428571406  0.9047619047619042
0.8809523809523803  0.7238095238095233
0.9857142857142849  0.8142857142857137
1.0952380952380942  0.9047619047619042
0.9857142857142849  0.8142857142857137
0.8761904761904755  0.7238095238095233
1.0952380952380942  0.9047619047619042
1.0952380952380942  0.9047619047619042
0.7666666666666662  0.633333333333333
1.0952380952380942  0.9047619047619042
1.0952380952380942  0.9047619047619042
0.8428571428571434  0.7238095238095233
0.9428571428571436  0.8142857142857137
1.0476190476190486  0.9047619047619042
0.9428571428571436  0.8142857142857137
0.8380952380952388  0.7238095238095233
1.0476190476190486  0.9047619047619042
1.0476190476190486  0.9047619047619042
0.7000000000000007  0.633333333333333
1.0000000000000018  0.9047619047619042
1.0000000000000018  0.9047619047619042
0.8000000000000012  0.6904761904761915
0.9000000000000016  0.7714285714285727
1.0000000000000018  0.8571428571428585
0.9000000000000016  0.7714285714285727
0.8000000000000012  0.6857142857142867
1.0000000000000018  0.8571428571428585
1.0000000000000018  0.8571428571428585
0.7000000000000007  0.6000000000000009
1.0000000000000018  0.8571428571428585
1.0000000000000018  0.8571428571428585
0.8000000000000012  0.6857142857142867
0.9000000000000016  0.7714285714285727
1.0000000000000018  0.8571428571428585
0.9000000000000016  0.7714285714285727
0.8000000000000012  0.6857142857142867
1.0000000000000018  0.8571428571428585
1.0000000000000018  0.8571428571428585
0.7000000000000007  0.574285714285715
1.0000000000000018  0.8204761904761922
1.0000000000000018  0.8204761904761922
0.7666666666666659  0.622857142857143
0.7714285714285727  0.72857142857143
0.8571428571428585  0.8095238095238114
0.7714285714285727  0.72857142857143
0.6476190476190485  0.6476190476190485
0.8095238095238114  0.8095238095238114
0.8095238095238114  0.8095238095238114
