-1.0  -1.0
-0.45282288499050105  -1.0
-0.3208714152595159  -0.7862956931002453
-0.24079671550202844  -0.8325376302512888
-0.12857761259563205  -0.47556797821141245
-0.1246311392307141  -0.39154680508900697
-0.1473762324516256  -0.3876003317240892
-0.13797692252362892  -0.2714347554527755
-0.08854026271688818  -0.14192339588854683
-0.1062721033847021  -0.134030449158711
-0.15644108160379616  -0.12068466586579628
-0.11451207688200864  -0.07914095278889148
-0.13999761547971015  -0.09399309927996695
-0.1332066930337988  -0.09399309927996695
-0.10648613504571823  0.1313144420884485
-0.11945031713315414  0.1809176811640011
-0.1332066930337988  0.201019645737779
-0.17986849608612845  0.1809176811640011
-0.16706584171160743  0.16081571659022317
-0.2063175953006681  0.201019645737779
-0.186936346904258  0.201019645737779
-0.048871581120484224  0.14071375201644526
-0.04481431276826743  0.201019645737779
-0.03399108478931634  0.201019645737779
-0.05143565174679027  0.25930458252607524
-0.0893632698378719  0.4757225592220413
-0.10283801003057909  0.5285806213578236
-0.022217710324908102  0.4757225592220413
-0.004380334767869305  0.42286449708625906
0.047941937559765065  0.5285806213578236
0.05417928836671516  0.5285806213578236
0.11140426308435222  0.4041329596033156
0.148292325769762  0.5773327994333083
0.11395654090541597  0.5773327994333083
0.09034779159380447  0.46186623954664646
0.13922878405978464  0.5611317177496943
0.31398176584989945  0.6234796863885488
0.3616702883012187  0.5611317177496943
0.37549851405902474  0.5340301248098789
0.4595226399469023  0.6675376560123494
0.3976127737036217  0.6675376560123494
0.2744804509249632  0.4672763592086436
0.37573149316778093  0.6675376560123494
0.361639382682608  0.6675376560123494
0.30934357899459264  0.5636779267502193
0.37293293228399776  0.6389024929058368
0.41430011134678396  0.7098916587842627
0.3708512317557705  0.6389024929058368
0.2579279642249663  0.5679133270274107
0.3819536924380897  0.7098916587842627
0.47650386252001453  0.7098916587842627
0.3335527037640101  0.49692416114898474
0.47650386252001453  0.7098916587842627
0.47650386252001453  0.7098916587842627
0.4176568212024781  0.5679133270274107
0.4186858359994793  0.6389024929058368
0.3808635588986631  0.7098916587842627
0.35609606748037814  0.6389024929058368
0.33357747857322806  0.5679133270274107
0.4637289721170802  0.7098916587842627
0.4304971283880382  0.7098916587842627
0.2830797101764188  0.4159226886347038
0.4073628785138763  0.5934520420449845
0.4162379741634081  0.5934520420449845
0.37090955528186687  0.4767866704488451
0.4533122495684328  0.537650652262986
0.5201440692648861  0.5833268579806994
0.4687650926736019  0.5427132442951285
0.41623078820012765  0.14834382693326326
0.5201440692648861  0.1862965775667423
0.5207217332059813  0.18560314244661172
0.39808936419173113  0.13006088673665428
0.5684609152038385  0.18583428748665523
0.5684609152038385  0.18583428748665523
0.45821435217665824  0.46395807363010866
0.5611317177496943  0.5755759261919837
0.6234796863885488  0.6256152042391632
0.5611317177496943  0.2975579906594383
0.4987837491108398  0.18532088301296754
0.6234796863885488  0.23252238134577366
0.6234796863885488  0.23182535928212228
0.4364357804719851  0.1624171559102159
0.6234796863885488  0.23205769997000608
0.6234796863885488  0.23205769997000608
0.4987837491108398  0.18555322370085137
0.5611317177496943  0.20868929149148677
0.6234796863885488  0.23252238134577366
0.5611317177496943  0.208456950803603
0.4987837491108398  0.18532088301296754
0.6234796863885488  0.23252238134577366
0.6234796863885488  0.23182535928212228
0.4364357804719851  0.18693044478013335
0.6201452154076572  0.2670118340993327
0.5956924282144538  0.2670118340993327
0.48709853750892984  0.24510591630303366
0.6316917547049341  0.24955919749675495
0.7263030437503244  0.27793539142876683
0.6757538652058782  0.24932613558110087
0.6324871816869788  0.22164912739605128
0.7886681884043362  0.27793539142876683
0.7667170761530969  0.27723620568180457
