1.0  1.0
0.7466666666666666  1.0
0.5255555555555556  0.9055555555555558
0.41777777777777786  0.8788888888888888
0.3655555555555555  0.8711111111111111
0.13  0.6933333333333334
0.34111111111111103  0.4711111111111112
0.06555555555555555  0.3822222222222222
0.26888888888888896  0.28
0.06888888888888894  0.25333333333333335
0.07666666666666666  0.1622222222222223
0.03333333333333333  0.13
0.03333333333333333  0.5544444444444443
0.03333333333333333  0.4844444444444442
0.03333333333333333  0.22000000000000006
0.03333333333333333  0.19111111111111118
0.046666666666666703  0.13
0.09777777777777788  0.18111111111111117
0.09777777777777788  0.13
0.09777777777777788  0.1866666666666668
0.09777777777777788  0.21333333333333349
0.07999999999999997  0.21333333333333349
0.03333333333333333  0.21333333333333349
0.03333333333333333  0.21333333333333349
0.13999999999999996  0.21333333333333349
0.11999999999999993  0.21333333333333349
0.03333333333333333  0.21333333333333349
0.03333333333333333  0.21333333333333349
0.03333333333333333  0.21333333333333349
0.03333333333333333  0.21333333333333349
0.03333333333333333  0.21333333333333349
0.03333333333333333  0.21333333333333349
0.03333333333333333  0.21333333333333349
0.03333333333333333  0.21333333333333349
0.03333333333333333  0.21333333333333349
0.03333333333333333  0.21333333333333349
0.03333333333333333  0.21333333333333349
0.03333333333333333  0.21333333333333349
0.03333333333333333  0.21333333333333349
0.03333333333333333  0.21333333333333349
0.03333333333333333  0.21333333333333349
0.03333333333333333  0.21333333333333349
0.03333333333333333  0.21333333333333349
0.03333333333333333  0.21333333333333349
0.03333333333333333  0.21333333333333349
0.03333333333333333  0.21333333333333349
0.03333333333333333  0.21333333333333349
0.03333333333333333  0.21333333333333349
0.03333333333333333  0.21333333333333349
0.03333333333333333  0.21333333333333349
0.03333333333333333  0.21333333333333349
0.03333333333333333  0.21333333333333349
0.03333333333333333  0.21333333333333349
0.03333333333333333  0.21333333333333349
0.03333333333333333  0.21333333333333349
0.03333333333333333  0.21333333333333349
0.03333333333333333  0.21333333333333349
0.03333333333333333  0.21333333333333349
0.03333333333333333  0.21333333333333349
0.03333333333333333  0.21333333333333349
0.03333333333333333  0.21333333333333349
0.03333333333333333  0.21333333333333349
0.03333333333333333  0.21333333333333349
0.03333333333333333  0.21333333333333349
0.03333333333333333  0.21333333333333349
0.03333333333333333  0.21333333333333349
0.03333333333333333  0.21333333333333349
0.03333333333333333  0.21333333333333349
0.03333333333333333  0.21333333333333349
0.03333333333333333  0.21333333333333349
0.03333333333333333  0.21333333333333349
0.03333333333333333  0.21333333333333349
0.03333333333333333  0.21333333333333349
0.03333333333333333  0.21333333333333349
0.03333333333333333  0.21333333333333349
0.03333333333333333  0.21333333333333349
0.03333333333333333  0.21333333333333349
0.03333333333333333  0.21333333333333349
0.03333333333333333  0.21333333333333349
0.03333333333333333  0.21333333333333349
0.03333333333333333  0.21333333333333349
0.03333333333333333  0.21333333333333349
0.03333333333333333  0.21333333333333349
0.03333333333333333  0.21333333333333349
0.03333333333333333  0.21333333333333349
0.03333333333333333  0.21333333333333349
0.03333333333333333  0.21333333333333349
0.03333333333333333  0.21333333333333349
0.03333333333333333  0.21333333333333349
0.03333333333333333  0.21333333333333349
0.03333333333333333  0.21333333333333349
0.03333333333333333  0.21333333333333349
0.03333333333333333  0.21333333333333349
0.03333333333333333  0.21333333333333349
0.03333333333333333  0.21333333333333349
0.03333333333333333  0.21333333333333349
0.03333333333333333  0.21333333333333349
0.03333333333333333  0.21333333333333349
0.03333333333333333  0.21333333333333349
0.03333333333333333  0.21333333333333349
0.03333333333333333  0.21333333333333349
