0.30000000000000043  0.30000000000000043
0.34185714285714314  0.39314285714285696
0.32442857142857134  0.6148571428571428
0.31385714285714306  0.6522857142857141
0.34828571428571453  0.8368571428571424
0.36314285714285705  0.9298571428571425
0.3754285714285712  0.9692857142857136
0.39271428571428607  0.9105714285714283
0.41014285714285753  0.9295714285714285
0.41171428571428587  0.9535714285714275
0.4299999999999999  0.9702857142857131
0.43385714285714266  0.9702857142857131
0.43371428571428555  0.9702857142857131
0.43599999999999983  0.9702857142857131
0.44657142857142845  0.9702857142857131
0.4722857142857142  0.9702857142857131
0.4722857142857142  0.9702857142857131
0.4722857142857142  0.9702857142857131
0.4748571428571428  0.9702857142857131
0.4748571428571428  0.9702857142857131
0.47485714285714287  0.9702857142857131
0.3835714285714288  0.8837142857142857
0.3442857142857144  0.7925714285714276
0.29728571428571443  0.7614285714285725
0.28785714285714253  0.7594285714285712
0.26014285714285723  0.7337142857142859
0.2507142857142857  0.7238571428571419
0.23214285714285746  0.694285714285715
0.22185714285714317  0.715285714285715
0.21114285714285733  0.7260000000000001
0.21371428571428597  0.7199999999999994
0.21085714285714302  0.7100000000000006
0.21185714285714302  0.7100000000000006
0.1467142857142858  0.7000000000000007
0.13585714285714282  0.7000000000000007
0.13228571428571423  0.7000000000000007
0.13228571428571423  0.7000000000000007
0.13228571428571423  0.7000000000000007
0.13585714285714282  0.7000000000000007
0.15728571428571414  0.6899999999999995
0.15728571428571414  0.6899999999999995
0.15728571428571414  0.6899999999999995
0.14657142857142846  0.6899999999999995
0.14657142857142846  0.6899999999999995
0.14657142857142846  0.6899999999999995
0.17157142857142837  0.6899999999999995
0.17157142857142837  0.6899999999999995
0.17157142857142837  0.6899999999999995
0.207285714285714  0.6899999999999995
0.20371428571428543  0.6899999999999995
0.2035714285714283  0.6899999999999995
0.19999999999999973  0.6839999999999996
0.20999999999999988  0.6745714285714284
0.2024285714285713  0.6745714285714284
0.2024285714285713  0.6745714285714284
0.2024285714285713  0.6745714285714284
0.1989999999999999  0.6745714285714284
0.1989999999999999  0.6745714285714284
0.1989999999999999  0.6745714285714284
0.19885714285714276  0.6745714285714284
0.19885714285714276  0.6745714285714284
0.20199999999999985  0.6745714285714284
0.20028571428571407  0.6745714285714284
0.20028571428571407  0.6745714285714284
0.19657142857142837  0.6745714285714284
0.20414285714285693  0.6745714285714284
0.20599999999999993  0.6745714285714284
0.20514285714285707  0.6745714285714284
0.20514285714285707  0.6745714285714284
0.23057142857142854  0.6745714285714284
0.22671428571428565  0.6745714285714284
0.2488571428571429  0.6745714285714284
0.2488571428571429  0.6745714285714284
0.2667142857142857  0.6745714285714284
0.263  0.6745714285714284
0.263  0.6745714285714284
0.2631428571428571  0.6745714285714284
0.2594285714285714  0.6745714285714284
0.25557142857142856  0.6745714285714284
0.25557142857142856  0.6745714285714284
0.2594285714285714  0.6745714285714284
0.27714285714285697  0.6745714285714284
0.29  0.6745714285714284
0.29514285714285715  0.6745714285714284
0.2889999999999999  0.6745714285714284
0.27542857142857136  0.6745714285714284
0.2809999999999999  0.6745714285714284
0.281142857142857  0.6745714285714284
0.25328571428571417  0.6745714285714284
0.31657142857142867  0.6745714285714284
0.3214285714285715  0.6745714285714284
0.32185714285714295  0.6745714285714284
0.3142857142857144  0.6745714285714284
0.3705714285714287  0.6745714285714284
0.37085714285714294  0.6745714285714284
0.37100000000000005  0.6745714285714284
0.37128571428571433  0.6745714285714284
0.37128571428571433  0.6745714285714284
0.37128571428571433  0.6745714285714284
0.3715714285714286  0.6745714285714284
0.3701428571428573  0.6745714285714284
