1.0  1.0
1.0  0.7133333333333335
2.0  0.5122222222222212
1.8333333333333335  0.6644444444444448
0.983333333333333  0.08666666666666671
0.7133333333333335  0.11000000000000013
0.44555555555555526  0.1311111111111113
0.34999999999999987  0.10888888888888901
0.19111111111111095  0.08777777777777783
0.16111111111111098  0.1311111111111113
0.19555555555555557  0.1311111111111113
0.0977777777777778  0.06555555555555555
0.19555555555555557  0.1311111111111113
0.19555555555555557  0.1311111111111113
0.12000000000000005  0.08666666666666671
0.17333333333333348  0.11000000000000013
0.19555555555555557  0.1311111111111113
0.14222222222222228  0.10888888888888901
0.1511111111111112  0.08777777777777783
0.19555555555555557  0.1311111111111113
0.19555555555555557  0.1311111111111113
0.0977777777777778  0.06555555555555555
0.12666666666666654  0.1311111111111113
0.13555555555555562  0.1311111111111113
0.12000000000000005  0.08666666666666671
0.17333333333333348  0.11000000000000013
0.19555555555555557  0.1311111111111113
0.14222222222222228  0.10888888888888901
0.08666666666666663  0.08777777777777783
0.1111111111111112  0.1311111111111113
0.11666666666666675  0.1311111111111113
0.03333333333333333  0.06555555555555555
0.06666666666666675  0.25666666666666654
0.19111111111111115  0.11222222222222207
0.044444444444444474  0.044444444444444474
0.055555555555555615  0.055555555555555615
0.06666666666666675  0.06666666666666675
0.13777777777777786  0.055555555555555615
0.044444444444444474  0.044444444444444474
0.06666666666666675  0.06666666666666675
0.06666666666666675  0.06666666666666675
0.03333333333333333  0.03333333333333333
0.06666666666666675  0.06666666666666675
0.06666666666666675  0.06666666666666675
0.12000000000000005  0.044444444444444474
0.17333333333333348  0.055555555555555615
0.19555555555555557  0.06666666666666675
0.14222222222222228  0.055555555555555615
0.1511111111111112  0.044444444444444474
0.19555555555555557  0.06666666666666675
0.19111111111111115  0.06666666666666675
0.03333333333333333  0.03333333333333333
0.06666666666666675  0.06666666666666675
0.06666666666666675  0.06666666666666675
0.12000000000000005  0.044444444444444474
0.17333333333333348  0.055555555555555615
0.19555555555555557  0.06666666666666675
0.055555555555555615  0.055555555555555615
0.044444444444444474  0.044444444444444474
0.06666666666666675  0.06666666666666675
0.06666666666666675  0.06666666666666675
0.0977777777777778  0.03333333333333333
0.131111111111111  0.06666666666666675
0.06666666666666675  0.06666666666666675
0.12000000000000005  0.044444444444444474
0.17333333333333348  0.055555555555555615
0.12666666666666654  0.06666666666666675
0.055555555555555615  0.055555555555555615
0.044444444444444474  0.044444444444444474
0.06666666666666675  0.06666666666666675
0.06666666666666675  0.06666666666666675
0.03333333333333333  0.03333333333333333
0.06666666666666675  0.06666666666666675
0.06666666666666675  0.06666666666666675
0.044444444444444474  0.044444444444444474
0.055555555555555615  0.055555555555555615
0.19555555555555557  0.06666666666666675
0.14222222222222228  0.055555555555555615
0.1511111111111112  0.044444444444444474
0.19555555555555557  0.06666666666666675
0.19555555555555557  0.06666666666666675
0.0977777777777778  0.03333333333333333
0.19555555555555557  0.06666666666666675
0.19555555555555557  0.06666666666666675
0.12000000000000005  0.044444444444444474
0.17333333333333348  0.055555555555555615
0.19555555555555557  0.06666666666666675
0.14222222222222228  0.055555555555555615
0.1511111111111112  0.044444444444444474
0.19555555555555557  0.06666666666666675
0.19555555555555557  0.06666666666666675
0.0977777777777778  0.03333333333333333
0.19555555555555557  0.06666666666666675
0.19555555555555557  0.06666666666666675
0.12000000000000005  0.044444444444444474
0.17333333333333348  0.055555555555555615
0.19555555555555557  0.06666666666666675
0.14222222222222228  0.055555555555555615
0.1511111111111112  0.044444444444444474
0.19555555555555557  0.06666666666666675
0.19555555555555557  0.06666666666666675
