0.25  0.25
0.32719506848728686  0.3583877992367613
0.3669428450728145  0.37216078842036016
0.4014032068644009  0.4033028026078739
0.4219172987018563  0.43328323334165025
0.43309235351780306  0.44872135511695893
0.44705347956318486  0.4662951489839413
0.4458381518446402  0.479565440149167
0.4510853221634984  0.49259568532940173
0.4523827470089963  0.5019898256510665
0.4529651446662489  0.5052411469751812
0.4541202900697963  0.5084846323046385
0.4546925787489941  0.5051570368324041
0.4555987125042073  0.5018173287463239
0.45584626688968566  0.5031116346513528
0.45533768677745895  0.5052753833402214
0.4549873178838962  0.5079370686189966
0.45384777935788106  0.5093203606313533
0.45308884596917826  0.5117135432800911
0.452418977531971  0.5153460383669755
0.4520950038693056  0.5193882633023477
0.45144089377811747  0.5231342707848065
0.45062606918175346  0.5265909737697675
0.45016414541395994  0.5298726116938955
0.4501492034119199  0.5328582882304127
0.4498903159129623  0.5353372311949286
0.44960715683736785  0.537506275904495
0.44936309121067014  0.5394596891751717
0.44895627248675246  0.5412501370294143
0.4484820049272806  0.5427270198157904
0.4479443792899332  0.5439437016176288
0.4476140326126394  0.5450479076920296
0.4472397365531191  0.5460646852664746
0.44687368692425716  0.5470313624933343
0.44659829727323647  0.5478819468649271
0.4465111441878636  0.5487197165228277
0.4462990614391365  0.5494737381306538
0.44601670624144135  0.5500939556940383
0.4456353279953426  0.5506884875449364
0.4451762361684119  0.5511571406733445
0.44471869407992554  0.5516492243661284
0.4442694372864006  0.552025933583586
0.4438195006655179  0.5523249755434472
0.44337462360167634  0.5525550433053313
0.44295277210361955  0.5527556724272336
0.4425487386389424  0.5528721963524407
0.44213836486412306  0.5529839981225118
0.4417828710348877  0.5530914497712356
0.4414069265220906  0.5531918522987028
0.4411382714697161  0.5532452093062583
0.44081500613334523  0.5532945759085857
0.4405047154451246  0.5533809421826328
0.4402629301618679  0.5534577163602901
0.4399729908003793  0.5535412903864134
0.43965385413227787  0.5535749098266368
0.43936489455475286  0.5535893676196522
0.4390810059213685  0.5535743062230163
0.43878918946617357  0.5535648448516015
0.43850462699791837  0.5535787715119265
0.43823891136691817  0.5535836305799189
0.43797097356878556  0.5535916449844488
0.43772865767373165  0.553544323713739
0.43749125692598323  0.5535179834310627
0.43723658975061297  0.5534989335133974
0.436996969209517  0.5534989212448042
0.4367640619227172  0.55352414534794
0.43649737265883054  0.5535266232491519
0.4362611434062733  0.553549499446072
0.436051209487834  0.553579087444623
0.43582734262320855  0.5535841107159908
0.43561735329919715  0.5536121102504579
0.4354255492932749  0.553689602448911
0.4352321257939755  0.5537643277171501
0.43504077974670285  0.5538521139482477
0.4348586289918238  0.5539303638587303
0.4346612797482256  0.5540109697280556
0.43451574338396776  0.5540789536455633
0.43441363893927226  0.5541074224927314
0.4343087382357049  0.5541587352781476
0.43420593679061714  0.5542264011406746
0.43411032301164354  0.5542988480118461
0.4340285176179433  0.5543544189520044
0.4339370594003058  0.5544038742069812
0.43385728963592457  0.5544787131931764
0.43378021451442633  0.5545583557975435
0.4336890536032605  0.5546343365194917
0.4335777039527783  0.5547039865997195
0.43347418017858635  0.5547664576278777
0.43336969630708044  0.554838998537607
0.43327023848525986  0.5549025639237652
0.4331558364517093  0.5549744112926749
0.43304963163060856  0.5550345632702977
0.4329380405780109  0.5550906921582616
0.4328181416721682  0.5551293347471239
0.4327169649435354  0.5551537678508315
0.43261639188568957  0.5551677675868083
0.43250774660489977  0.5551872543986555
0.432407268398167  0.5552130477878646
0.432319416672346  0.555227311410638
0.4322493255707896  0.5552578620925755
0.4321883601123025  0.5553007699316034
