0.0  0.0
0.24999999999999986  0.5117073998607304
0.1998587920016491  0.6191238332961523
0.2541465063966537  0.6784145638524396
0.3106786234036873  0.6841131630780387
0.34572628058196825  0.7291307158314827
0.35960516797652886  0.7147934773664664
0.3409239446307066  0.7091453362528942
0.3426929714803469  0.7162133040036147
0.3692405420666292  0.7062229437229443
0.36931486880466496  0.71107544141252
0.35925655976676407  0.71107544141252
0.3625809847748625  0.71107544141252
0.3625664075153871  0.71107544141252
0.35583119409112973  0.71107544141252
0.3426095952411742  0.71107544141252
0.3531359110306479  0.712440919398837
0.31990282832388095  0.7088851413680842
0.3272411798727584  0.7000991854768418
0.34368131868131857  0.6946653433409828
0.34368131868131857  0.704319308910574
0.34368131868131857  0.7022556390977445
0.34725274725274713  0.6879699248120301
0.3508241758241757  0.6879699248120301
0.3508241758241757  0.6879699248120301
0.3508241758241757  0.7022556390977445
0.3508241758241757  0.7022556390977445
0.3508241758241757  0.7022556390977445
0.3508241758241757  0.7022556390977445
0.3508241758241757  0.7022556390977445
0.3508241758241757  0.7022556390977445
0.3508241758241757  0.7022556390977445
0.3508241758241757  0.7022556390977445
0.3508241758241757  0.7022556390977445
0.34725274725274713  0.7022556390977445
0.34725274725274713  0.7022556390977445
0.34368131868131857  0.7022556390977445
0.34725274725274713  0.7022556390977445
0.34725274725274713  0.7022556390977445
0.34725274725274713  0.7022556390977445
0.34725274725274713  0.7022556390977445
0.34725274725274713  0.7022556390977445
0.34725274725274713  0.7022556390977445
0.3508241758241757  0.7022556390977445
0.3508241758241757  0.7022556390977445
0.3508241758241757  0.7022556390977445
0.3508241758241757  0.7022556390977445
0.3508241758241757  0.7022556390977445
0.3508241758241757  0.7022556390977445
0.34725274725274713  0.7022556390977445
0.3508241758241757  0.7022556390977445
0.3508241758241757  0.7022556390977445
0.3508241758241757  0.7022556390977445
0.3508241758241757  0.7022556390977445
0.3508241758241757  0.7022556390977445
0.3508241758241757  0.7022556390977445
0.3508241758241757  0.7022556390977445
0.3508241758241757  0.7022556390977445
0.3508241758241757  0.7022556390977445
0.3508241758241757  0.7022556390977445
0.3508241758241757  0.7022556390977445
0.3508241758241757  0.7022556390977445
0.3508241758241757  0.7022556390977445
0.3508241758241757  0.7022556390977445
0.3508241758241757  0.7022556390977445
0.34368131868131857  0.7022556390977445
0.34010989010989  0.7022556390977445
0.33296703296703284  0.7022556390977445
0.33296703296703284  0.7022556390977445
0.34368131868131857  0.7022556390977445
0.34010989010989  0.7022556390977445
0.31153846153846143  0.7022556390977445
0.29725274725274714  0.7022556390977445
0.29010989010988997  0.7022556390977445
0.2936813186813186  0.7022556390977445
0.29725274725274714  0.7022556390977445
0.29010989010988997  0.7022556390977445
0.2865384615384614  0.7022556390977445
0.2865384615384614  0.7022556390977445
0.29010989010988997  0.7022556390977445
0.3008241758241757  0.7022556390977445
0.19010989010989  0.7022556390977445
0.17939560439560429  0.7022556390977445
0.17939560439560429  0.7022556390977445
0.17939560439560429  0.7022556390977445
0.17939560439560429  0.7022556390977445
0.19368131868131858  0.7022556390977445
0.19368131868131858  0.7022556390977445
0.17939560439560429  0.7022556390977445
0.19010989010989  0.7022556390977445
0.19010989010989  0.7022556390977445
0.19010989010989  0.7022556390977445
0.19010989010989  0.7022556390977445
0.19368131868131858  0.7022556390977445
0.18653846153846143  0.7022556390977445
0.2008241758241757  0.7022556390977445
0.24368131868131856  0.7022556390977445
0.24368131868131856  0.7022556390977445
0.24368131868131856  0.7022556390977445
0.2508241758241757  0.7022556390977445
0.23653846153846142  0.7022556390977445
