0.0  0.0
0.18761904761904735  0.3666666666666669
0.2928571428571429  0.5052380952380954
0.43904761904761913  0.5785714285714286
0.40952380952380935  0.699523809523809
0.5123809523809523  0.7999999999999989
0.641428571428571  0.8423809523809527
0.7242857142857138  0.8423809523809527
0.7723809523809516  0.8423809523809527
0.8019047619047612  0.814761904761905
0.9052380952380953  0.8571428571428571
0.8776190476190476  0.8571428571428571
0.919047619047619  0.8571428571428571
0.9314285714285713  0.8571428571428571
0.9352380952380949  0.8571428571428571
0.769999999999999  0.8571428571428571
0.7571428571428561  0.8571428571428571
0.7328571428571419  0.9
0.765714285714286  0.9714285714285714
0.8152380952380952  0.9428571428571428
0.8147619047619047  0.9285714285714286
0.8147619047619047  0.9428571428571428
0.829047619047619  0.9428571428571428
0.8428571428571429  0.9428571428571428
0.8428571428571429  0.9428571428571428
0.8428571428571429  0.9428571428571428
0.8428571428571429  0.9428571428571428
0.8428571428571429  0.9428571428571428
0.8428571428571429  0.9428571428571428
0.8428571428571429  0.9428571428571428
0.8428571428571429  0.9428571428571428
0.8428571428571429  0.9428571428571428
0.8428571428571429  0.9428571428571428
0.8428571428571429  0.9428571428571428
0.829047619047619  0.9428571428571428
0.829047619047619  0.9428571428571428
0.8152380952380952  0.9428571428571428
0.829047619047619  0.9428571428571428
0.829047619047619  0.9428571428571428
0.829047619047619  0.9428571428571428
0.829047619047619  0.9428571428571428
0.829047619047619  0.9428571428571428
0.829047619047619  0.9428571428571428
0.8428571428571429  0.9428571428571428
0.8428571428571429  0.9428571428571428
0.8428571428571429  0.9428571428571428
0.8428571428571429  0.9428571428571428
0.8428571428571429  0.9428571428571428
0.8428571428571429  0.9428571428571428
0.829047619047619  0.9428571428571428
0.8428571428571429  0.9428571428571428
0.8428571428571429  0.9428571428571428
0.8428571428571429  0.9428571428571428
0.8428571428571429  0.9428571428571428
0.8428571428571429  0.9428571428571428
0.8428571428571429  0.9428571428571428
0.8428571428571429  0.9428571428571428
0.8428571428571429  0.9428571428571428
0.8428571428571429  0.9428571428571428
0.8428571428571429  0.9428571428571428
0.8428571428571429  0.9428571428571428
0.8428571428571429  0.9428571428571428
0.8428571428571429  0.9428571428571428
0.8428571428571429  0.9428571428571428
0.8428571428571429  0.9428571428571428
0.8152380952380952  0.9428571428571428
0.8009523809523809  0.9428571428571428
0.7723809523809523  0.9428571428571428
0.7723809523809523  0.9428571428571428
0.758095238095238  0.9428571428571428
0.7438095238095238  0.9428571428571428
0.6295238095238095  0.9428571428571428
0.6295238095238095  0.9428571428571428
0.6009523809523809  0.9428571428571428
0.6152380952380951  0.9428571428571428
0.6295238095238095  0.9428571428571428
0.6023809523809525  0.9428571428571428
0.5885714285714286  0.9428571428571428
0.5885714285714286  0.9428571428571428
0.6028571428571429  0.9428571428571428
0.6452380952380953  0.9428571428571428
0.20238095238095238  0.9428571428571428
0.1595238095238095  0.9428571428571428
0.1595238095238095  0.9428571428571428
0.1595238095238095  0.9428571428571428
0.1595238095238095  0.9428571428571428
0.1595238095238095  0.9428571428571428
0.16  0.9428571428571428
0.1595238095238095  0.9428571428571428
0.20238095238095238  0.9428571428571428
0.20238095238095238  0.9428571428571428
0.20238095238095238  0.9428571428571428
0.20238095238095238  0.9428571428571428
0.21666666666666665  0.9428571428571428
0.18857142857142858  0.9428571428571428
0.1880952380952381  0.9428571428571428
0.1880952380952381  0.9428571428571428
0.18761904761904763  0.9428571428571428
0.18761904761904763  0.9428571428571428
0.2161904761904762  0.9428571428571428
0.2161904761904762  0.9428571428571428
