1.0  1.0
0.9402040816326537  0.8669387755102038
0.9651020408163254  0.5502040816326526
0.9802040816326526  0.49673469387755104
0.9310204081632658  0.23306122448979566
0.9097959183673465  0.10020408163265293
0.892244897959183  0.04387755102040812
0.867551020408163  0.12775510204081628
0.8426530612244901  0.1006122448979591
0.8404081632653059  0.06632653061224489
0.8142857142857136  0.04244897959183669
0.8087755102040809  0.04244897959183669
0.808979591836734  0.04244897959183669
0.8057142857142849  0.04244897959183669
0.7906122448979583  0.04244897959183669
0.7538775510204079  0.04244897959183669
0.7538775510204079  0.04244897959183669
0.7538775510204079  0.04244897959183669
0.7502040816326527  0.04244897959183669
0.7502040816326527  0.04244897959183669
0.7502040816326528  0.04244897959183669
0.757551020408163  0.039387755102040775
0.7612244897959182  0.028775510204081613
0.7612244897959181  0.031020408163265286
0.7612244897959181  0.015102040816326509
0.7648979591836732  0.04244897959183669
0.7648979591836732  0.04244897959183669
0.7648979591836732  0.04244897959183669
0.7612244897959181  0.04244897959183669
0.757551020408163  0.039387755102040775
0.753877551020408  0.014285714285714263
0.7440816326530606  0.014285714285714263
0.7479591836734687  0.014285714285714263
0.9163265306122447  0.014285714285714263
0.9155102040816323  0.014285714285714263
0.9146938775510202  0.014285714285714263
0.9146938775510202  0.014285714285714263
0.9146938775510202  0.014285714285714263
0.9155102040816323  0.014285714285714263
0.9204081632653057  0.014285714285714263
0.9204081632653057  0.014285714285714263
0.9204081632653057  0.014285714285714263
0.9179591836734691  0.014285714285714263
0.9179591836734691  0.014285714285714263
0.9179591836734691  0.014285714285714263
0.9236734693877547  0.014285714285714263
0.9236734693877547  0.014285714285714263
0.9236734693877547  0.014285714285714263
0.9318367346938772  0.014285714285714263
0.9310204081632648  0.014285714285714263
0.9310204081632648  0.014285714285714263
0.9302040816326527  0.028979591836734674
0.9224489795918369  0.04244897959183669
0.9153061224489796  0.04244897959183669
0.9153061224489796  0.04244897959183669
0.9153061224489796  0.04244897959183669
0.9142857142857143  0.04244897959183669
0.9142857142857143  0.04244897959183669
0.9142857142857143  0.04244897959183669
0.9142857142857143  0.04244897959183669
0.9142857142857143  0.04244897959183669
0.9157142857142858  0.04244897959183669
0.9304081632653054  0.04244897959183669
0.9304081632653054  0.04244897959183669
0.9297959183673462  0.04244897959183669
0.9310204081632646  0.04244897959183669
0.9285714285714282  0.04244897959183669
0.9238775510204077  0.04244897959183669
0.9238775510204077  0.04244897959183669
0.9281632653061221  0.04244897959183669
0.9275510204081628  0.04244897959183669
0.9312244897959181  0.04244897959183669
0.9312244897959181  0.04244897959183669
0.9342857142857142  0.04244897959183669
0.933673469387755  0.04244897959183669
0.933673469387755  0.04244897959183669
0.933673469387755  0.04244897959183669
0.9330612244897958  0.04244897959183669
0.9324489795918366  0.04244897959183669
0.9324489795918366  0.04244897959183669
0.9330612244897958  0.04244897959183669
0.9289795918367343  0.04244897959183669
0.9118367346938773  0.04244897959183669
0.9046938775510204  0.04244897959183669
0.9140816326530609  0.04244897959183669
0.922244897959183  0.04244897959183669
0.9210204081632646  0.04244897959183669
0.9085714285714284  0.04244897959183669
0.856734693877551  0.04244897959183669
0.8644897959183676  0.04244897959183669
0.8575510204081634  0.04244897959183669
0.8575510204081634  0.04244897959183669
0.8563265306122451  0.04244897959183669
0.8661224489795922  0.04244897959183669
0.8661224489795922  0.04244897959183669
0.8659183673469392  0.04244897959183669
0.8657142857142861  0.04244897959183669
0.8657142857142861  0.04244897959183669
0.8657142857142861  0.04244897959183669
0.8653061224489801  0.04244897959183669
0.8653061224489801  0.04244897959183669
