0.0  0.0
0.9285714285714286  0.9142857142857143
0.9  0.9
0.6428571428571429  0.9142857142857143
0.7  0.9857142857142858
0.8  1.0
0.8571428571428571  1.0
0.9571428571428572  1.0
0.9857142857142858  1.0
0.9571428571428572  0.9857142857142858
0.9428571428571428  0.9857142857142858
0.9571428571428572  0.9857142857142858
0.9428571428571428  0.9857142857142858
0.9714285714285714  0.9857142857142858
0.9857142857142858  0.9857142857142858
0.9714285714285714  0.9857142857142858
0.9714285714285714  0.9857142857142858
0.9714285714285714  0.9857142857142858
0.9857142857142858  0.9857142857142858
0.9857142857142858  0.9857142857142858
0.9857142857142858  0.9857142857142858
0.6347985347985345  0.8708220351077504
0.5438709677419356  0.7728187042842206
0.4677551020408161  0.7611067503924652
0.4550193050193052  0.7498430141287282
0.41423076923076874  0.728571428571429
0.40405923344947714  0.7207373271889409
0.3851447555766496  0.6982142857142862
0.38218061008758686  0.7142089093702003
0.3793506493506491  0.7213501323659177
0.39683794466403177  0.71875
0.3834148275406372  0.7113402061855675
0.3776397515527952  0.7113402061855675
0.3010281385281385  0.7040816326530623
0.3001527883880823  0.7040816326530623
0.30183346065698985  0.7040816326530623
0.30183346065698985  0.7040816326530623
0.30183346065698985  0.7040816326530623
0.3001527883880823  0.7040816326530623
0.29006875477463695  0.696969696969696
0.29006875477463695  0.696969696969696
0.29006875477463695  0.696969696969696
0.29511077158135957  0.696969696969696
0.29511077158135957  0.696969696969696
0.29511077158135957  0.696969696969696
0.2833460656990067  0.696969696969696
0.2833460656990067  0.696969696969696
0.2833460656990067  0.696969696969696
0.26653934300993115  0.696969696969696
0.2682200152788387  0.696969696969696
0.2682200152788387  0.696969696969696
0.26990068754774627  0.6868804664723024
0.2971515879078903  0.6839650145772587
0.30024009603841534  0.6839650145772587
0.30024009603841534  0.6839650145772587
0.30024009603841534  0.6839650145772587
0.3022809123649459  0.6839650145772587
0.3022809123649459  0.6839650145772587
0.3022809123649459  0.6839650145772587
0.3022809123649459  0.6839650145772587
0.3022809123649459  0.6839650145772587
0.299497981010586  0.6839650145772587
0.3000811688311688  0.6839650145772587
0.3000811688311688  0.6839650145772587
0.3013798701298701  0.6839650145772587
0.29878246753246746  0.6839650145772587
0.3130681818181818  0.6839650145772587
0.3143668831168831  0.6839650145772587
0.3143668831168831  0.6839650145772587
0.305275974025974  0.6839650145772587
0.30657467532467536  0.6839650145772587
0.2987824675324675  0.6839650145772587
0.2987824675324675  0.6839650145772587
0.29228896103896107  0.6839650145772587
0.2935876623376623  0.6839650145772587
0.2935876623376623  0.6839650145772587
0.2935876623376623  0.6839650145772587
0.2948863636363636  0.6839650145772587
0.2961850649350649  0.6839650145772587
0.2961850649350649  0.6839650145772587
0.2948863636363636  0.6839650145772587
0.2896915584415584  0.6839650145772587
0.33254870129870134  0.6839650145772587
0.34683441558441563  0.6839650145772587
0.3611201298701299  0.6839650145772587
0.39228896103896105  0.6839650145772587
0.40527597402597404  0.6839650145772587
0.4083172499450181  0.6839650145772587
0.33650514664399606  0.6839650145772587
0.39228896103896105  0.6839650145772587
0.39228896103896105  0.6839650145772587
0.39228896103896105  0.6839650145772587
0.39488636363636365  0.6839650145772587
0.37410714285714286  0.6839650145772587
0.37410714285714286  0.6839650145772587
0.3776785714285714  0.6839650145772587
0.3824404761904762  0.6839650145772587
0.3824404761904762  0.6839650145772587
0.3824404761904762  0.6839650145772587
0.3900595238095238  0.6839650145772587
0.3888690476190476  0.6839650145772587
