0.0  0.0
0.2714285714285714  0.24285714285714285
0.21904761904761882  0.6857142857142858
0.32619047619047625  0.8009523809523811
0.5795238095238096  0.8190476190476186
0.9671428571428565  1.0666666666666673
1.3833333333333335  1.342857142857142
1.3361904761904764  1.2380952380952384
1.1452380952380954  1.033333333333333
1.7676190476190454  1.6571428571428555
1.6885714285714295  1.799999999999998
0.8842857142857146  0.928571428571428
1.7961904761904763  1.857142857142858
1.823809523809524  1.857142857142858
1.226190476190476  1.2380952380952377
1.5095238095238097  1.5619047619047621
1.8376190476190462  1.885714285714286
1.563809523809522  1.5952380952380936
1.213333333333332  1.276190476190475
1.8514285714285694  1.914285714285712
1.9057142857142884  1.9428571428571397
0.9528571428571436  0.9714285714285714
1.9385714285714313  1.9571428571428588
1.908095238095237  1.9714285714285742
1.2633333333333325  1.3142857142857158
1.5552380952380933  1.6571428571428575
1.879047619047616  2.0
1.5871428571428552  1.6666666666666667
1.2919047619047617  1.3333333333333333
1.9619047619047625  2.0
1.9595238095238103  2.0
1.0  1.0
2.0  1.8866666666666683
1.9333333333333333  1.9385714285714313
1.3333333333333333  1.3142857142857158
1.6666666666666667  1.642857142857145
2.0  1.9714285714285742
1.6333333333333333  1.642857142857145
1.3333333333333333  1.2999999999999994
2.0  1.9714285714285742
2.0  2.0
1.0  1.0
2.0  2.0
2.0  2.0
1.2819047619047632  1.276190476190475
1.5914285714285716  1.5952380952380936
1.9333333333333333  1.9714285714285742
1.6333333333333333  1.642857142857145
1.2666666666666666  1.3142857142857158
1.9333333333333333  1.9714285714285742
1.9333333333333333  1.9714285714285742
1.0  0.9857142857142865
2.0  1.9714285714285742
2.0  1.9714285714285742
1.3  1.3142857142857158
1.6  1.642857142857145
1.9333333333333333  2.0
1.6666666666666667  1.6666666666666667
1.3333333333333333  1.3333333333333333
2.0  2.0
2.0  2.0
0.9666666666666667  0.9714285714285714
1.9666666666666666  1.9428571428571397
2.0  1.9428571428571397
1.3  1.2952380952380944
1.6  1.619047619047617
1.9666666666666666  1.9428571428571397
1.6666666666666667  1.619047619047617
1.3333333333333333  1.3095238095238109
2.0  1.9714285714285742
2.0  1.9714285714285742
1.0  0.9857142857142865
2.0  1.9714285714285742
2.0  1.9714285714285742
1.3333333333333333  1.3142857142857158
1.6666666666666667  1.642857142857145
1.9333333333333333  1.9714285714285742
1.6333333333333333  1.642857142857145
1.2666666666666666  1.3285714285714287
1.9333333333333333  2.0
1.9333333333333333  2.0
0.9666666666666667  1.0
1.9333333333333333  2.0
1.9333333333333333  2.0
1.3  1.3333333333333333
1.6  1.6666666666666667
1.9333333333333333  2.0
1.6333333333333333  1.6666666666666667
1.2666666666666666  1.3333333333333333
1.9333333333333333  2.0
1.9333333333333333  2.0
0.9666666666666667  1.0
1.9333333333333333  2.0
1.9333333333333333  2.0
1.3  1.3333333333333333
1.6  1.6666666666666667
1.9333333333333333  2.0
1.6333333333333333  1.6666666666666667
1.2666666666666666  1.3333333333333333
1.9333333333333333  2.0
1.9333333333333333  2.0
