0.0  0.0
0.0  0.31031266900119076
0.0  0.9818932877533657
0.27519285530212484  1.0060425362900156
0.3659912756157669  0.5263823682837765
0.5646997001067952  0.641565452776721
0.6840063929461911  0.7472163742690066
0.5537819370172311  0.5838683127572015
0.4124467923380969  0.45427902084528615
0.6291589818939054  0.6520319520385609
0.6082397003745317  0.6158862876254182
0.29420289855072485  0.3013231144665598
0.5821461609620717  0.6026462289331195
0.5758865248226944  0.6026462289331195
0.3872340425531913  0.40192938305498344
0.4765957446808507  0.4988355468859745
0.5728555431131012  0.5962374020156769
0.48140350877192917  0.49171783625730936
0.373333333333333  0.39322733918128616
0.5698245614035079  0.5899634502923968
0.5580756013745709  0.5838201603665519
0.2790378006872852  0.2919100801832761
0.5759239778385582  0.580811826448793
0.5806731113498024  0.5778034925310335
0.37916666666666654  0.3853636299880779
0.4666666666666664  0.4783946484977417
0.5638888888888886  0.5719095719095723
0.4763888888888886  0.4766714766714771
0.38042929292929284  0.38119288119288147
0.5745287930854939  0.5719095719095723
0.5738172098996841  0.5719095719095723
0.29292929292929304  0.2859547859547859
0.5858585858585857  0.6051423662248406
0.5533429533429539  0.5790693597026443
0.39057239057239046  0.3945578231292519
0.48821548821548794  0.49319727891156495
0.5858585858585857  0.5918367346938779
0.4676286676286679  0.49319727891156495
0.39057239057239046  0.39760852794726165
0.5858585858585857  0.5918367346938779
0.5858585858585857  0.5858585858585857
0.29292929292929304  0.29292929292929304
0.5858585858585857  0.5858585858585857
0.5858585858585857  0.5858585858585857
0.3752577319587631  0.4027777777777779
0.4590083456062842  0.5034722222222225
0.5523809523809529  0.5918367346938779
0.46666666666666706  0.49319727891156495
0.36190476190476206  0.3945578231292519
0.5523809523809529  0.5918367346938779
0.5533429533429539  0.5918367346938779
0.29292929292929304  0.29591836734693894
0.5858585858585857  0.5918367346938779
0.5858585858585857  0.5918367346938779
0.3714285714285716  0.3945578231292519
0.4571428571428575  0.49319727891156495
0.5523809523809529  0.5858585858585857
0.48821548821548794  0.48821548821548794
0.39057239057239046  0.39057239057239046
0.5858585858585857  0.5858585858585857
0.5858585858585857  0.5858585858585857
0.2761904761904761  0.29896907216494845
0.5691197691197687  0.5979381443298972
0.5858585858585857  0.5979381443298972
0.3714285714285716  0.39862542955326485
0.4571428571428575  0.49828178694158126
0.5700817700817696  0.5979381443298972
0.48821548821548794  0.49828178694158126
0.39057239057239046  0.39557472473525507
0.5858585858585857  0.5918367346938779
0.5858585858585857  0.5918367346938779
0.29292929292929304  0.29591836734693894
0.5858585858585857  0.5918367346938779
0.5858585858585857  0.5918367346938779
0.39057239057239046  0.3945578231292519
0.48821548821548794  0.49319727891156495
0.5523809523809529  0.5918367346938779
0.46666666666666706  0.49319727891156495
0.36190476190476206  0.3915687487116058
0.5523809523809529  0.5858585858585857
0.5523809523809529  0.5858585858585857
0.2761904761904761  0.29292929292929304
0.5523809523809529  0.5858585858585857
0.5523809523809529  0.5858585858585857
0.3714285714285716  0.39057239057239046
0.4571428571428575  0.48821548821548794
0.5523809523809529  0.5858585858585857
0.46666666666666706  0.48821548821548794
0.36190476190476206  0.39057239057239046
0.5523809523809529  0.5858585858585857
0.5523809523809529  0.5858585858585857
0.2761904761904761  0.29292929292929304
0.5523809523809529  0.5858585858585857
0.5523809523809529  0.5858585858585857
0.3714285714285716  0.39057239057239046
0.4571428571428575  0.48821548821548794
0.5523809523809529  0.5858585858585857
0.46666666666666706  0.48821548821548794
0.36190476190476206  0.39057239057239046
0.5523809523809529  0.5858585858585857
0.5523809523809529  0.5858585858585857
