0.25  0.25
0.2879365110899463  0.3661222717736343
0.29710639596708643  0.40671293430264543
0.30225733659038967  0.4207209412189258
0.316101547987181  0.4253066014626924
0.3256928224897034  0.4302506003898515
0.33714323958768894  0.43398073108893115
0.34956114308842695  0.4340030399883325
0.3592417436760434  0.4332832551115405
0.3688251943204793  0.4323178700383936
0.37259045151907644  0.4305156351606975
0.37564191443147493  0.42846953266266974
0.377571091849329  0.4265522892484567
0.3808403710752291  0.42476797238818503
0.38231624286691346  0.4229107529819733
0.3816328869144295  0.42028566304232484
0.3820797097796253  0.4170898328012766
0.38337731828837457  0.413067752843343
0.38475629911963194  0.40901563615847814
0.3848235993546238  0.40616202009059277
0.38569469960992514  0.40335517697740964
0.3875256558064777  0.40082985044269426
0.3898739370828086  0.39852660330394235
0.39257782895145693  0.39639768343908444
0.394600389159254  0.3943444740097302
0.3964062540258484  0.3923713948575419
0.39767766522183945  0.3904333091939175
0.3990993065697378  0.38879187751154715
0.4001572882064882  0.38721491633923577
0.40107796875770607  0.38563621494287004
0.40228038361329976  0.384250095854949
0.40327232000957497  0.38302104472234155
0.4041365961479803  0.3818882256324536
0.4047056026303575  0.3809275470751735
0.40521677374960846  0.379988100891394
0.4057164643177805  0.37919940714738
0.4060744623945953  0.3784182410142986
0.4063651550012773  0.3777120512304381
0.40670734892474825  0.3771049149618186
0.40692080459307817  0.3765299409643379
0.4071285512709127  0.375979951712808
0.4072132887200993  0.3754838777669666
0.40741504158161856  0.3749889063496579
0.4077088499140506  0.3745312693170013
0.40806151493388315  0.37414087128634566
0.40840595065666774  0.37380002202169643
0.4087133899468671  0.37350168482370627
0.409014496642122  0.3732016091772868
0.4093346595157094  0.37290298297260543
0.40978700624948117  0.37258559693474114
0.4101915360693918  0.3722841665617949
0.410570107703136  0.37200936588009176
0.4109652358434456  0.37175252615667853
0.41135024448400476  0.3715214221116094
0.41177256132287565  0.3713248363462892
0.41215761294706815  0.3711262798168763
0.4124722830707677  0.37090471609657605
0.4127741005208788  0.37070194681548424
0.4130519132661975  0.370527517379023
0.4132986082321338  0.37032913417627983
0.4134891311188415  0.3701390091433102
0.41364515912318833  0.3699583978635282
0.41385142912999434  0.36979309642047925
0.41401050420058627  0.36964263317490437
0.4141442887317327  0.36946094698686116
0.41429713831274206  0.3692784474771646
0.4145099919176661  0.36908610664189273
0.41474473697860637  0.36891793460887395
0.4149399933920172  0.36876780143330834
0.41501398361545533  0.3686039993752158
0.415073457960784  0.36847442957960636
0.4151891288921291  0.36837148470696496
0.4154075018490491  0.3682784117554756
0.41561454567965656  0.3681857581092448
0.41577868879696994  0.3680947341653438
0.41592711627651907  0.36801446900711154
0.4160816040952228  0.36793358861328335
0.41622020613346683  0.3678417373376612
0.416390578743479  0.3677463290935963
0.4165485783581388  0.3676815365621273
0.416674674814724  0.3676214509143884
0.4170308620719635  0.3675573451215944
0.41740713628803705  0.3674996982782929
0.4177626345970077  0.3674403033901415
0.41811423779356455  0.3673778789279959
0.4184601918189175  0.3673069756542157
0.41872652942639726  0.3672301951490237
0.4189778133498032  0.3671408445835128
0.41931015202518046  0.3670495054845404
0.4196006597513305  0.36695795101143536
0.41990110689504595  0.36686309871329337
0.42020359898231646  0.3667651780916363
0.4204897859543297  0.36666071669124384
0.4207558850646097  0.366565032107816
0.42101204064206027  0.3664787731211398
0.4213528332680818  0.36640551920760567
0.42181120618129075  0.36634447296347844
0.4221257860593052  0.3662937881706913
0.4224283989896839  0.36624578126442614
0.4227132655260649  0.3661968690194704
0.42303936119240015  0.36615960367368017
