1.0  1.0
0.9628571428571425  0.7810204081632653
0.9616326530612237  0.5206122448979587
0.9446938775510196  0.41857142857142876
0.9055102040816324  0.2816326530612244
0.8765306122448974  0.24448979591836728
0.8330612244897961  0.2408163265306123
0.8161224489795923  0.2640816326530612
0.7987755102040817  0.23489795918367348
0.7736734693877548  0.27775510204081644
0.7599999999999991  0.259183673469388
0.7675510204081625  0.259183673469388
0.7565306122448973  0.259183673469388
0.7510204081632648  0.259183673469388
0.7530612244897957  0.259183673469388
0.8665306122448975  0.2606122448979594
0.868367346938775  0.2589795918367347
0.8732653061224487  0.18693877551020396
0.871428571428571  0.06734693877551019
0.8673469387755098  0.09224489795918361
0.8673469387755098  0.14489795918367343
0.8673469387755098  0.1220408163265306
0.8653061224489792  0.12346938775510204
0.8632653061224485  0.12326530612244897
0.8632653061224485  0.12306122448979591
0.8632653061224485  0.1220408163265306
0.8632653061224485  0.1220408163265306
0.8632653061224485  0.1220408163265306
0.8632653061224485  0.1220408163265306
0.8632653061224485  0.1220408163265306
0.8632653061224485  0.1220408163265306
0.8632653061224485  0.1220408163265306
0.8632653061224485  0.1220408163265306
0.8632653061224485  0.1220408163265306
0.8653061224489792  0.1220408163265306
0.8653061224489792  0.1220408163265306
0.8673469387755097  0.1220408163265306
0.8653061224489792  0.1220408163265306
0.8653061224489792  0.1220408163265306
0.8653061224489792  0.1220408163265306
0.8653061224489792  0.1220408163265306
0.8653061224489792  0.1220408163265306
0.8653061224489792  0.1220408163265306
0.8632653061224485  0.1220408163265306
0.8632653061224485  0.1220408163265306
0.8632653061224485  0.1220408163265306
0.8632653061224485  0.1220408163265306
0.8632653061224485  0.1220408163265306
0.8632653061224485  0.1220408163265306
0.8653061224489792  0.1220408163265306
0.8632653061224485  0.1220408163265306
0.8632653061224485  0.1220408163265306
0.8632653061224485  0.1220408163265306
0.8632653061224485  0.1220408163265306
0.8632653061224485  0.1220408163265306
0.8632653061224485  0.1220408163265306
0.8632653061224485  0.1220408163265306
0.8632653061224485  0.1220408163265306
0.8632653061224485  0.1220408163265306
0.8632653061224485  0.1220408163265306
0.8632653061224485  0.1220408163265306
0.8632653061224485  0.1220408163265306
0.8632653061224485  0.1220408163265306
0.8632653061224485  0.1220408163265306
0.8632653061224485  0.1220408163265306
0.8673469387755096  0.1220408163265306
0.8693877551020402  0.1220408163265306
0.8734693877551015  0.1220408163265306
0.8734693877551015  0.1220408163265306
0.8753061224489791  0.1220408163265306
0.8773469387755096  0.1220408163265306
0.8936734693877547  0.1220408163265306
0.8938775510204078  0.1220408163265306
0.897959183673469  0.1220408163265306
0.8959183673469385  0.1220408163265306
0.8938775510204078  0.1220408163265306
0.8979591836734692  0.1220408163265306
0.8999999999999997  0.1220408163265306
0.8999999999999997  0.1220408163265306
0.897959183673469  0.1220408163265306
0.8918367346938771  0.1220408163265306
0.9551020408163268  0.1220408163265306
0.9612244897959187  0.1220408163265306
0.9612244897959187  0.1220408163265306
0.9612244897959187  0.1220408163265306
0.9612244897959187  0.1220408163265306
0.9610204081632657  0.1220408163265306
0.9610204081632657  0.1220408163265306
0.9612244897959187  0.1220408163265306
0.9551020408163268  0.1220408163265306
0.9551020408163268  0.1220408163265306
0.9551020408163268  0.1220408163265306
0.9551020408163268  0.1220408163265306
0.9530612244897962  0.1220408163265306
0.9571428571428575  0.1220408163265306
0.956326530612245  0.1220408163265306
0.9493877551020412  0.1220408163265306
0.9434693877551025  0.1220408163265306
0.9434693877551025  0.1220408163265306
0.9393877551020412  0.1220408163265306
0.9395918367346943  0.1220408163265306
