0.0  0.0
0.11179074446680096  0.2154902324845979
0.06698095355629596  0.583347470590321
0.03817796134022256  0.6053671084291382
0.12399041837995846  0.8521426919996282
0.16027298149936373  0.9412868510969338
0.1895536368704491  0.9775623673779249
0.2307815761604113  0.9040952244570255
0.26837087325161246  0.9287788096516367
0.2705164935706318  0.9524629848274028
0.3073188797031448  0.9714285714285721
0.3162287450191342  0.9714285714285721
0.3158263305322127  0.9714285714285721
0.3212707618258569  0.9714285714285721
0.3430411035887711  0.9714285714285721
0.3927004030452307  0.9714285714285721
0.39270040304523063  0.9714285714285721
0.39270040304523063  0.9714285714285721
0.3985445588893865  0.9714285714285721
0.3985445588893865  0.9714285714285721
0.3985445588893865  0.9714285714285721
0.3508652430044181  0.9135095737136565
0.331841584158416  0.8607353059743621
0.31614940315748924  0.8441416228938824
0.313187394513439  0.8514443458542846
0.2999499582985825  0.8275132275132275
0.297241137241137  0.8224364592462745
0.2919676720245621  0.8075731497418256
0.2939117705768844  0.8181282535928117
0.29582216410591694  0.8239595134776939
0.299770963295224  0.8313253012048202
0.306947075912593  0.8263473053892204
0.30230727127278834  0.8263473053892204
0.1269397079220037  0.821428571428571
0.12750453430065076  0.821428571428571
0.12860343539955185  0.821428571428571
0.12860343539955185  0.821428571428571
0.12860343539955185  0.821428571428571
0.12750453430065076  0.821428571428571
0.12091112770724415  0.8165680473372775
0.12091112770724415  0.8165680473372775
0.12091112770724415  0.8165680473372775
0.12420783100394746  0.8165680473372775
0.12420783100394746  0.8165680473372775
0.12420783100394746  0.8165680473372775
0.11651552331163977  0.8165680473372775
0.11651552331163977  0.8165680473372775
0.11651552331163977  0.8165680473372775
0.10552651232262877  0.8165680473372775
0.10662541342152988  0.8165680473372775
0.10662541342152988  0.8165680473372775
0.10772431452043098  0.804600893611882
0.11926914661840408  0.79795918367347
0.12834364515036775  0.79795918367347
0.12834364515036775  0.79795918367347
0.12834364515036775  0.79795918367347
0.12970418936805483  0.79795918367347
0.12970418936805483  0.79795918367347
0.12970418936805483  0.79795918367347
0.12970418936805483  0.79795918367347
0.12970418936805483  0.79795918367347
0.12781527846388738  0.79795918367347
0.10895527361771998  0.79795918367347
0.10895527361771998  0.79795918367347
0.10978745114892663  0.79795918367347
0.10812309608651331  0.79795918367347
0.11153508649682747  0.79795918367347
0.11864845321514036  0.79795918367347
0.11864845321514036  0.79795918367347
0.11282321049669373  0.79795918367347
0.11365538802790039  0.79795918367347
0.10866232284066045  0.79795918367347
0.10866232284066045  0.79795918367347
0.10450143518462716  0.79795918367347
0.10533361271583382  0.79795918367347
0.10533361271583382  0.79795918367347
0.10533361271583382  0.79795918367347
0.10616579024704047  0.79795918367347
0.10699796777824713  0.79795918367347
0.10699796777824713  0.79795918367347
0.10616579024704047  0.79795918367347
0.11124029175249632  0.79795918367347
0.1364595039197096  0.79795918367347
0.14653756568316464  0.79795918367347
0.13643997164026733  0.79795918367347
0.12797735373695587  0.79795918367347
0.13048839816401211  0.79795918367347
0.14092331529434626  0.79795918367347
0.17633001173517276  0.79795918367347
0.19946385534741767  0.79795918367347
0.20881987951031222  0.79795918367347
0.20881987951031222  0.79795918367347
0.21048423457272553  0.79795918367347
0.19716939407341894  0.79795918367347
0.19716939407341894  0.79795918367347
0.1975554944595193  0.79795918367347
0.19794688389200465  0.79795918367347
0.19794688389200465  0.79795918367347
0.19794688389200465  0.79795918367347
0.19871922570544234  0.79795918367347
0.19871393665905743  0.79795918367347
