0.0  0.0
0.2714285714285714  0.24285714285714285
0.45571428571428574  0.2933333333333333
0.5133333333333331  0.33238095238095233
0.5599999999999998  0.3166666666666666
0.7142857142857142  0.5561904761904765
0.6514285714285715  0.8290476190476194
0.8714285714285712  0.827619047619048
0.7619047619047621  0.8542857142857145
0.9714285714285714  0.925714285714285
0.9666666666666667  0.9395238095238095
1.0  0.9714285714285714
1.0  0.3333333333333333
1.0  0.6523809523809524
1.0  0.9076190476190477
1.0  0.9395238095238095
0.9885714285714287  1.0
0.9533333333333341  0.9533333333333341
0.9666666666666667  0.9857142857142865
0.9666666666666667  0.9333333333333333
0.9666666666666667  0.9
0.9666666666666667  0.9
1.0  0.9
1.0  0.9
0.9333333333333333  0.9
0.9666666666666667  0.9
1.0  0.9
1.0  0.9
1.0  0.9
1.0  0.9
1.0  0.9
1.0  0.9
1.0  0.9
1.0  0.9
1.0  0.9
1.0  0.9
1.0  0.9
1.0  0.9
1.0  0.9
1.0  0.9
1.0  0.9
1.0  0.9
1.0  0.9
1.0  0.9
1.0  0.9
1.0  0.9
1.0  0.9
1.0  0.9
1.0  0.9
1.0  0.9
1.0  0.9
1.0  0.9
1.0  0.9
1.0  0.9
1.0  0.9
1.0  0.9
1.0  0.9
1.0  0.9
1.0  0.9
1.0  0.9
1.0  0.9
1.0  0.9
1.0  0.9
1.0  0.9
1.0  0.9
1.0  0.9
1.0  0.9
1.0  0.9
1.0  0.9
1.0  0.9
1.0  0.9
1.0  0.9
1.0  0.9
1.0  0.9
1.0  0.9
1.0  0.9
1.0  0.9
1.0  0.9
1.0  0.9
1.0  0.9
1.0  0.9
1.0  0.9
1.0  0.9
1.0  0.9
1.0  0.9
1.0  0.9
1.0  0.9
1.0  0.9
1.0  0.9
1.0  0.9
1.0  0.9
1.0  0.9
1.0  0.9
1.0  0.9
1.0  0.9
1.0  0.9
1.0  0.9
1.0  0.9
1.0  0.9
1.0  0.9
1.0  0.9
