0.0  0.0
0.0  0.0
0.0  0.0
0.0  0.0
0.0  0.0
0.0  0.0
0.0  0.0
0.0  0.0
0.0  0.0
0.0  0.0
0.0  0.0
0.0  0.0
0.0  0.0
0.0  0.0
0.0  0.0
0.0  0.0
0.0  0.0
0.0  0.0
0.0  0.0
0.0  0.0
0.0  0.0
0.29  0.29571428571428565
0.45571428571428574  0.5714285714285713
0.58  0.6857142857142857
0.6214285714285713  0.7857142857142857
0.7457142857142861  0.8147619047619045
0.7733333333333337  0.7842857142857141
0.8147619047619045  0.8228571428571431
0.885714285714286  0.8228571428571431
0.8838095238095239  0.8614285714285709
0.928571428571428  0.9200000000000007
0.9714285714285714  0.9333333333333333
0.9714285714285714  0.9333333333333333
0.9714285714285714  0.9333333333333333
0.9714285714285714  0.9333333333333333
0.9714285714285714  0.9333333333333333
0.9714285714285714  0.9333333333333333
0.9857142857142865  0.9333333333333333
0.9857142857142865  0.9333333333333333
0.9857142857142865  0.9333333333333333
0.9857142857142865  0.9333333333333333
0.94  0.9333333333333333
0.9857142857142865  0.9333333333333333
0.9857142857142865  0.9333333333333333
0.9857142857142865  0.9333333333333333
0.9857142857142865  0.9333333333333333
1.0  0.9333333333333333
1.0  0.9333333333333333
1.0  0.9333333333333333
1.0  0.9333333333333333
1.0  0.9333333333333333
0.9533333333333341  0.9333333333333333
0.9533333333333341  0.9333333333333333
0.9533333333333341  0.9333333333333333
0.9533333333333341  0.9333333333333333
1.0  0.9333333333333333
1.0  0.9333333333333333
1.0  0.9333333333333333
1.0  0.9333333333333333
1.0  0.9333333333333333
1.0  0.9333333333333333
1.0  0.9333333333333333
1.0  0.9333333333333333
1.0  0.9333333333333333
1.0  0.9333333333333333
1.0  0.9333333333333333
1.0  0.9333333333333333
1.0  0.9333333333333333
1.0  0.9333333333333333
1.0  0.9333333333333333
1.0  0.9333333333333333
1.0  0.9333333333333333
1.0  0.9333333333333333
1.0  0.9333333333333333
1.0  0.9333333333333333
1.0  0.9333333333333333
1.0  0.9333333333333333
1.0  0.9333333333333333
1.0  0.9333333333333333
1.0  0.9333333333333333
1.0  0.9333333333333333
1.0  0.9333333333333333
1.0  0.9333333333333333
1.0  0.9333333333333333
1.0  0.9333333333333333
1.0  0.9333333333333333
1.0  0.9333333333333333
1.0  0.9333333333333333
1.0  0.9333333333333333
1.0  0.9333333333333333
1.0  0.9333333333333333
1.0  0.9333333333333333
1.0  0.9333333333333333
1.0  0.9333333333333333
1.0  0.9333333333333333
1.0  0.9333333333333333
1.0  0.9333333333333333
1.0  0.9333333333333333
1.0  0.9333333333333333
1.0  0.9333333333333333
1.0  0.9333333333333333
