0.25  0.25
0.37165541045310785  0.36571424066675307
0.4247371443121318  0.5045889617273909
0.4529144697735333  0.6007312254906627
0.4568526496256344  0.6195944097567376
0.47049215690573626  0.6448144043360372
0.4900910458834102  0.6793617625883395
0.49428880640671635  0.6923769023397246
0.49402594937505406  0.6934925586677935
0.5045863856813421  0.7130050340630489
0.5125950032762356  0.7292759748324372
0.5053472361272793  0.7234872847363024
0.5095155518989426  0.7385350360969152
0.5118628469281319  0.7515803027865758
0.5067511146867613  0.7506389881265806
0.5054316214995093  0.7550811600343492
0.5072036766159596  0.7641437200637482
0.5058380033570632  0.7670185821816121
0.5021176834855647  0.7639660404428795
0.5049724238032013  0.7700351401025889
0.5078940521616516  0.7755582341177796
0.5030469748672974  0.7688482458201301
0.505360101963085  0.7737850880502896
0.5072260815591003  0.7783334132205468
0.5048849535213459  0.7759656174610767
0.504619400542537  0.7769722595724164
0.506117675445694  0.7810868782980963
0.5055401402199463  0.7818362554809546
0.5031577441808128  0.7793083759602635
0.5045585328674163  0.7826266792471849
0.5059692683315292  0.7843341417973251
0.5023787505189616  0.7762570210758757
0.5038773590897256  0.7736276768965141
0.505300575427094  0.7702194220604667
0.5035441313487927  0.7631369305368692
0.5034459009435892  0.7570134446097704
0.5048286709323464  0.7518779359143405
0.5046958444774857  0.7453670195361973
0.5031645136135191  0.7373405302677117
0.5044041708180658  0.7316037620923755
0.5055938287909418  0.7257943063669557
0.5028710800730397  0.7167715642825352
0.5040517105517012  0.7111734385176712
0.5051881633278714  0.7056500263676928
0.5038684076996564  0.6981604022708375
0.503801592264281  0.6917983215343898
0.5049020910059868  0.6864249229833179
0.5048317259505721  0.6803540432056839
0.5036322574687057  0.6736195067926326
0.5046546568359882  0.6687721824003452
0.5056446959034842  0.6640280157641797
0.503445261004071  0.6569459219146636
0.5044115440144613  0.6522713008844387
0.5053492381152669  0.6476679619327168
0.5042814021273578  0.6418262859246152
0.5042025909947974  0.6367462406500443
0.5050883143081033  0.6323923216920058
0.5050025410473176  0.6274590029275862
0.5039782488852727  0.6220105039052399
0.5048005751301448  0.6178660504653278
0.5056020703403262  0.6138031857870945
0.5037555013921222  0.6081461573175554
0.5045703507245564  0.6043866872345157
0.5053655342308475  0.6007669674095935
0.5044602633597055  0.5962317761479085
0.5044258672890904  0.5923294377701509
0.5052166397417759  0.5890680808806944
0.5051818500572616  0.5853556695635802
0.5043235855523003  0.5812212573229024
0.5050527826476939  0.5782330870393347
0.5057664901721728  0.575283501932693
0.5041993557230683  0.5709126032608671
0.5049386670772915  0.5681136934657235
0.5056627979634557  0.5653300258200115
0.5048931889732936  0.5616442297602853
0.5048499714435893  0.5585009728123665
0.50552538333932  0.555882096753389
0.5054752932599469  0.5528844473298574
0.50474053406672  0.549500140759963
0.5053992757158899  0.5470376784818126
0.5060459470829518  0.5445950779781471
0.5046582696898323  0.5409833214506063
0.5052957324103928  0.5387220994111794
0.5059220529213676  0.5364972714309397
0.5052375552866479  0.5334916606307817
0.5052188204792567  0.5309350217495047
0.5058389966535941  0.5288062299944721
0.5058163593573844  0.5263400039473353
0.505166815112902  0.5235395318837611
0.5057576803284906  0.5215637444845074
0.5063391532625696  0.5196320116031835
0.5051380526281637  0.5166432665531053
0.5057599339232616  0.5148013495863033
0.5063720428094008  0.5129880128565274
0.5058019477347587  0.5105107866881584
0.5058158698531565  0.5084300029039183
0.506406788075994  0.5067326284523239
0.5064174390058803  0.5047224085995046
0.5058834545307201  0.5023972190425281
0.5064789057580779  0.5007853393693369
0.5070656697311929  0.4991978322593189
