0.0  0.0
0.19523809523809502  0.0485714285714286
0.21999999999999967  0.004285714285714286
0.2685714285714281  0.05238095238095236
0.354285714285714  0.2119047619047621
0.46285714285714213  0.45142857142857074
0.5085714285714277  0.5257142857142848
0.55047619047619  0.502857142857142
0.55  0.506666666666666
0.7071428571428572  0.6666666666666667
0.7142857142857143  0.6666666666666667
0.5914285714285722  0.5
0.8571428571428585  0.7142857142857143
0.8571428571428585  0.7142857142857143
0.7857142857142867  0.7047619047619043
0.9000000000000016  0.8142857142857137
1.0000000000000018  0.9047619047619042
0.9333333333333341  0.8476190476190464
0.8761904761904755  0.8761904761904755
1.0842857142857134  1.0952380952380942
1.0842857142857134  1.0952380952380942
0.8333333333333341  0.7999999999999989
1.19047619047619  1.1428571428571406
1.19047619047619  1.1428571428571406
0.9314285714285706  0.9142857142857128
1.0714285714285716  1.0285714285714267
1.19047619047619  1.1428571428571406
1.0714285714285716  1.0285714285714267
0.9523809523809532  1.0285714285714282
1.19047619047619  1.285714285714287
1.19047619047619  1.285714285714287
0.866666666666667  0.9333333333333318
1.238095238095236  1.3333333333333335
1.238095238095236  1.2266666666666663
1.0238095238095235  1.013333333333332
1.1571428571428575  1.173333333333333
1.285714285714287  1.3066666666666666
1.1571428571428575  1.2533333333333334
1.0666666666666658  1.1428571428571428
1.3333333333333335  1.4285714285714286
1.3333333333333335  1.4285714285714286
1.0  0.9857142857142858
1.4285714285714286  1.4285714285714286
1.4285714285714286  1.3857142857142857
1.1428571428571428  1.1428571428571428
1.2857142857142858  1.2442857142857153
1.4285714285714286  1.3671428571428583
1.2857142857142858  1.2152380952380961
1.1428571428571428  1.1047619047619055
1.4285714285714286  1.3671428571428583
1.4285714285714286  1.3533333333333346
1.0  0.9528571428571433
1.4285714285714286  1.3671428571428583
1.4285714285714286  1.3671428571428583
1.1428571428571428  1.11
1.2857142857142858  1.2714285714285714
1.4285714285714286  1.4142857142857144
1.2857142857142858  1.2857142857142858
1.1428571428571428  1.1428571428571428
1.4285714285714286  1.4285714285714286
1.4285714285714286  1.4285714285714286
1.0  1.0
1.4285714285714286  1.4285714285714286
1.4285714285714286  1.4142857142857144
1.1428571428571428  1.1142857142857143
1.2857142857142858  1.2857142857142858
1.4285714285714286  1.4285714285714286
1.2857142857142858  1.2857142857142858
1.1428571428571428  1.1428571428571428
1.4285714285714286  1.4285714285714286
1.4285714285714286  1.4285714285714286
1.0  1.0
1.4285714285714286  1.4285714285714286
1.4285714285714286  1.4285714285714286
1.1428571428571428  1.1428571428571428
1.2857142857142858  1.2857142857142858
1.4285714285714286  1.4285714285714286
1.2857142857142858  1.2857142857142858
1.1428571428571428  1.1428571428571428
1.4285714285714286  1.4285714285714286
1.4285714285714286  1.4285714285714286
1.0  1.0
1.4285714285714286  1.4285714285714286
1.4285714285714286  1.4285714285714286
1.1428571428571428  1.1428571428571428
1.2857142857142858  1.2857142857142858
1.4285714285714286  1.4285714285714286
1.2857142857142858  1.2857142857142858
1.1428571428571428  1.1428571428571428
1.4285714285714286  1.4285714285714286
1.4285714285714286  1.4285714285714286
1.0  1.0
1.4285714285714286  1.4285714285714286
1.4285714285714286  1.4285714285714286
1.1428571428571428  1.1428571428571428
1.2857142857142858  1.2857142857142858
1.4285714285714286  1.4285714285714286
1.2857142857142858  1.2857142857142858
1.1428571428571428  1.1428571428571428
1.4285714285714286  1.4285714285714286
1.4285714285714286  1.4285714285714286
