0.6999999999999996  0.6999999999999996
0.7310000000000002  0.7093333333333338
0.7986666666666667  0.7093333333333336
0.911  0.7283333333333334
0.9033333333333332  0.7406666666666667
0.8946666666666668  0.7509999999999999
0.9216666666666664  0.7903333333333333
0.9526666666666663  0.7993333333333332
0.9633333333333333  0.7956666666666666
0.936666666666667  0.7956666666666666
0.9773333333333334  0.7956666666666667
0.9899999999999994  0.7989999999999999
0.9776666666666666  0.8119999999999999
0.9706666666666669  0.8119999999999998
0.9603333333333334  0.8213333333333331
0.9519999999999996  0.8213333333333331
0.9706666666666669  0.8213333333333331
0.9706666666666669  0.8213333333333331
0.9706666666666669  0.8213333333333331
0.9606666666666668  0.8213333333333331
0.9616666666666667  0.8213333333333331
0.7676666666666664  0.6643333333333332
0.6516666666666666  0.5343333333333332
0.564666666666667  0.48466666666666686
0.5356666666666664  0.4343333333333331
0.4486666666666666  0.39966666666666684
0.4293333333333333  0.391
0.4003333333333334  0.36500000000000016
0.36999999999999983  0.36200000000000015
0.3519999999999999  0.33799999999999986
0.3399999999999999  0.31466666666666665
0.3099999999999999  0.29933333333333323
0.3099999999999999  0.29933333333333323
0.3099999999999999  0.29933333333333323
0.3099999999999999  0.29933333333333323
0.3099999999999999  0.29933333333333323
0.3099999999999999  0.29933333333333323
0.3  0.29933333333333323
0.3  0.29933333333333323
0.3  0.29933333333333323
0.3  0.29933333333333323
0.3143333333333333  0.29933333333333323
0.3  0.29933333333333323
0.3  0.29933333333333323
0.3  0.29933333333333323
0.3  0.29933333333333323
0.2899999999999999  0.29933333333333323
0.2899999999999999  0.29933333333333323
0.2899999999999999  0.29933333333333323
0.2899999999999999  0.29933333333333323
0.2899999999999999  0.29933333333333323
0.3033333333333333  0.29933333333333323
0.3033333333333333  0.29933333333333323
0.3033333333333333  0.29933333333333323
0.30500000000000005  0.29933333333333323
0.2899999999999999  0.29933333333333323
0.2899999999999999  0.29933333333333323
0.2899999999999999  0.29933333333333323
0.2899999999999999  0.29933333333333323
0.2899999999999999  0.29933333333333323
0.2899999999999999  0.29933333333333323
0.2899999999999999  0.29933333333333323
0.2899999999999999  0.29933333333333323
0.2899999999999999  0.29933333333333323
0.2899999999999999  0.29933333333333323
0.2899999999999999  0.29933333333333323
0.2899999999999999  0.29933333333333323
0.2899999999999999  0.29933333333333323
0.2899999999999999  0.29933333333333323
0.2899999999999999  0.29933333333333323
0.2899999999999999  0.29933333333333323
0.2899999999999999  0.29933333333333323
0.2899999999999999  0.29933333333333323
0.2899999999999999  0.29933333333333323
0.2899999999999999  0.29933333333333323
0.2899999999999999  0.29933333333333323
0.2899999999999999  0.29933333333333323
0.2899999999999999  0.29933333333333323
0.2899999999999999  0.29933333333333323
0.2899999999999999  0.29933333333333323
0.2899999999999999  0.29933333333333323
0.2899999999999999  0.29933333333333323
0.2899999999999999  0.29933333333333323
0.2899999999999999  0.29933333333333323
0.2899999999999999  0.29933333333333323
0.2899999999999999  0.29933333333333323
0.2899999999999999  0.29933333333333323
0.2899999999999999  0.29933333333333323
0.2899999999999999  0.29933333333333323
0.2899999999999999  0.29933333333333323
0.2899999999999999  0.29933333333333323
0.2899999999999999  0.29933333333333323
0.2899999999999999  0.29933333333333323
0.2899999999999999  0.29933333333333323
0.2899999999999999  0.29933333333333323
0.2899999999999999  0.29933333333333323
0.2899999999999999  0.29933333333333323
0.2899999999999999  0.29933333333333323
0.2899999999999999  0.29933333333333323
0.2899999999999999  0.29933333333333323
0.2899999999999999  0.29933333333333323
