-1.0  -1.0
-0.02471851212409793  -0.2962763746729207
-0.016231600840257633  -0.2349737681908702
0.008158740628496981  -0.2797750076547688
0.0843314665480869  -0.3224698459248558
0.16737644600280932  -0.27925146628539305
0.04738174780503789  -0.325602439818992
0.09249266327638467  -0.2497688182965415
-0.01897871338037997  -0.18679521900946247
-0.08809574884667835  -0.2768972478981616
-0.20330326944494093  -0.19685174659287863
-0.15352206215727943  -0.1969536745482433
-0.15352206215727943  0.16872764662616613
-0.15352206215727943  -0.17379169200548167
-0.15352206215727943  -0.2297881278835222
-0.15352206215727943  -0.2373643468887384
-0.1277480695493576  -0.3074878384839125
-0.13821646593242937  -0.2687341099390272
-0.24427729389479275  -0.24532637158822343
-0.24427729389479275  -0.27718748375355884
-0.24427729389479275  -0.25880251498444645
-0.20977285225281223  -0.25880251498444645
-0.15352206215727943  -0.25880251498444645
-0.15352206215727943  -0.25880251498444645
-0.24371030107303282  -0.25880251498444645
-0.2247805278695267  -0.25880251498444645
-0.15352206215727943  -0.25880251498444645
-0.15352206215727943  -0.25880251498444645
-0.15352206215727943  -0.25880251498444645
-0.15352206215727943  -0.25880251498444645
-0.15352206215727943  -0.25880251498444645
-0.15352206215727943  -0.25880251498444645
-0.15352206215727943  -0.25880251498444645
-0.15352206215727943  -0.25880251498444645
-0.15352206215727943  -0.25880251498444645
-0.15352206215727943  -0.25880251498444645
-0.15352206215727943  -0.25880251498444645
-0.15352206215727943  -0.25880251498444645
-0.15352206215727943  -0.25880251498444645
-0.15352206215727943  -0.25880251498444645
-0.15352206215727943  -0.25880251498444645
-0.15352206215727943  -0.25880251498444645
-0.15352206215727943  -0.25880251498444645
-0.15352206215727943  -0.25880251498444645
-0.15352206215727943  -0.25880251498444645
-0.15352206215727943  -0.25880251498444645
-0.15352206215727943  -0.25880251498444645
-0.15352206215727943  -0.25880251498444645
-0.15352206215727943  -0.25880251498444645
-0.15352206215727943  -0.25880251498444645
-0.15352206215727943  -0.25880251498444645
-0.15352206215727943  -0.25880251498444645
-0.15352206215727943  -0.25880251498444645
-0.15352206215727943  -0.25880251498444645
-0.15352206215727943  -0.25880251498444645
-0.15352206215727943  -0.25880251498444645
-0.15352206215727943  -0.25880251498444645
-0.15352206215727943  -0.25880251498444645
-0.15352206215727943  -0.25880251498444645
-0.15352206215727943  -0.25880251498444645
-0.15352206215727943  -0.25880251498444645
-0.15352206215727943  -0.25880251498444645
-0.15352206215727943  -0.25880251498444645
-0.15352206215727943  -0.25880251498444645
-0.15352206215727943  -0.25880251498444645
-0.15352206215727943  -0.25880251498444645
-0.15352206215727943  -0.25880251498444645
-0.15352206215727943  -0.25880251498444645
-0.15352206215727943  -0.25880251498444645
-0.15352206215727943  -0.25880251498444645
-0.15352206215727943  -0.25880251498444645
-0.15352206215727943  -0.25880251498444645
-0.15352206215727943  -0.25880251498444645
-0.15352206215727943  -0.25880251498444645
-0.15352206215727943  -0.25880251498444645
-0.15352206215727943  -0.25880251498444645
-0.15352206215727943  -0.25880251498444645
-0.15352206215727943  -0.25880251498444645
-0.15352206215727943  -0.25880251498444645
-0.15352206215727943  -0.25880251498444645
-0.15352206215727943  -0.25880251498444645
-0.15352206215727943  -0.25880251498444645
-0.15352206215727943  -0.25880251498444645
-0.15352206215727943  -0.25880251498444645
-0.15352206215727943  -0.25880251498444645
-0.15352206215727943  -0.25880251498444645
-0.15352206215727943  -0.25880251498444645
-0.15352206215727943  -0.25880251498444645
-0.15352206215727943  -0.25880251498444645
-0.15352206215727943  -0.25880251498444645
-0.15352206215727943  -0.25880251498444645
-0.15352206215727943  -0.25880251498444645
-0.15352206215727943  -0.25880251498444645
-0.15352206215727943  -0.25880251498444645
-0.15352206215727943  -0.25880251498444645
-0.15352206215727943  -0.25880251498444645
-0.15352206215727943  -0.25880251498444645
-0.15352206215727943  -0.25880251498444645
-0.15352206215727943  -0.25880251498444645
-0.15352206215727943  -0.25880251498444645
-0.15352206215727943  -0.25880251498444645
