0.0  0.0
0.2613603333003706  0.0
0.3644550408689804  0.10446979073253188
0.37759606086526243  0.10423241475370053
0.3965599026369677  0.0968522188340162
0.4919767236818905  0.19961080988903832
0.3942154382101153  0.2981719861282549
0.4710130718954249  0.3306814544254027
0.3847158816216117  0.3687672026655079
0.4435494896471274  0.3727823691460055
0.4305878552971578  0.40534876056745767
0.4496124031007755  0.42061935483870977
0.4496124031007755  0.48990630467481394
0.4496124031007755  0.3273177588955915
0.4496124031007755  0.3819014419321876
0.4496124031007755  0.394239006906198
0.4475452196382433  0.41394825646794164
0.42624671916010476  0.3948878648233488
0.4229166666666666  0.4172571428571431
0.4229166666666666  0.3919190040761035
0.4229166666666666  0.38392857142857156
0.42937661498708035  0.38392857142857156
0.4496124031007755  0.38392857142857156
0.4496124031007755  0.38392857142857156
0.4089126732440687  0.38392857142857156
0.41918722104768646  0.38392857142857156
0.4496124031007755  0.38392857142857156
0.4496124031007755  0.38392857142857156
0.4496124031007755  0.38392857142857156
0.4496124031007755  0.38392857142857156
0.4496124031007755  0.38392857142857156
0.4496124031007755  0.38392857142857156
0.4496124031007755  0.38392857142857156
0.4496124031007755  0.38392857142857156
0.4496124031007755  0.38392857142857156
0.4496124031007755  0.38392857142857156
0.4496124031007755  0.38392857142857156
0.4496124031007755  0.38392857142857156
0.4496124031007755  0.38392857142857156
0.4496124031007755  0.38392857142857156
0.4496124031007755  0.38392857142857156
0.4496124031007755  0.38392857142857156
0.4496124031007755  0.38392857142857156
0.4496124031007755  0.38392857142857156
0.4496124031007755  0.38392857142857156
0.4496124031007755  0.38392857142857156
0.4496124031007755  0.38392857142857156
0.4496124031007755  0.38392857142857156
0.4496124031007755  0.38392857142857156
0.4496124031007755  0.38392857142857156
0.4496124031007755  0.38392857142857156
0.4496124031007755  0.38392857142857156
0.4496124031007755  0.38392857142857156
0.4496124031007755  0.38392857142857156
0.4496124031007755  0.38392857142857156
0.4496124031007755  0.38392857142857156
0.4496124031007755  0.38392857142857156
0.4496124031007755  0.38392857142857156
0.4496124031007755  0.38392857142857156
0.4496124031007755  0.38392857142857156
0.4496124031007755  0.38392857142857156
0.4496124031007755  0.38392857142857156
0.4496124031007755  0.38392857142857156
0.4496124031007755  0.38392857142857156
0.4496124031007755  0.38392857142857156
0.4496124031007755  0.38392857142857156
0.4496124031007755  0.38392857142857156
0.4496124031007755  0.38392857142857156
0.4496124031007755  0.38392857142857156
0.4496124031007755  0.38392857142857156
0.4496124031007755  0.38392857142857156
0.4496124031007755  0.38392857142857156
0.4496124031007755  0.38392857142857156
0.4496124031007755  0.38392857142857156
0.4496124031007755  0.38392857142857156
0.4496124031007755  0.38392857142857156
0.4496124031007755  0.38392857142857156
0.4496124031007755  0.38392857142857156
0.4496124031007755  0.38392857142857156
0.4496124031007755  0.38392857142857156
0.4496124031007755  0.38392857142857156
0.4496124031007755  0.38392857142857156
0.4496124031007755  0.38392857142857156
0.4496124031007755  0.38392857142857156
0.4496124031007755  0.38392857142857156
0.4496124031007755  0.38392857142857156
0.4496124031007755  0.38392857142857156
0.4496124031007755  0.38392857142857156
0.4496124031007755  0.38392857142857156
0.4496124031007755  0.38392857142857156
0.4496124031007755  0.38392857142857156
0.4496124031007755  0.38392857142857156
0.4496124031007755  0.38392857142857156
0.4496124031007755  0.38392857142857156
0.4496124031007755  0.38392857142857156
0.4496124031007755  0.38392857142857156
0.4496124031007755  0.38392857142857156
0.4496124031007755  0.38392857142857156
0.4496124031007755  0.38392857142857156
0.4496124031007755  0.38392857142857156
0.4496124031007755  0.38392857142857156
