1.0  1.0
0.8416326530612247  0.981020408163265
0.7951020408163263  1.3375510204081615
0.2683673469387751  1.1959183673469382
0.07673469387755093  0.7973469387755103
0.2008163265306122  0.6906122448979581
0.31714285714285695  0.7016326530612237
0.12061224489795903  0.5936734693877544
0.06489795918367344  0.5226530612244892
0.052857142857142776  0.5832653061224481
0.02040816326530608  0.5838775510204073
0.03081632653061223  0.40857142857142853
0.02040816326530608  0.5836734693877542
0.02040816326530608  0.583061224489795
0.016326530612244868  0.46755102040816304
0.018367346938775474  0.525714285714285
0.02040816326530608  0.583061224489795
0.018367346938775474  0.525510204081632
0.016326530612244868  0.35551020408163303
0.03469387755102036  0.3826530612244901
0.03428571428571424  0.3818367346938779
0.014285714285714263  0.2677551020408164
0.02040816326530608  0.38346938775510236
0.02040816326530608  0.3812244897959187
0.016326530612244868  0.3063265306122451
0.018367346938775474  0.34530612244897985
0.02040816326530608  0.3818367346938779
0.018367346938775474  0.3438775510204084
0.016326530612244868  0.28632653061224494
0.02040816326530608  0.2826530612244894
0.02040816326530608  0.16775510204081592
0.014285714285714263  0.06959183673469388
0.02040816326530608  0.060816326530612155
0.02040816326530608  0.20551020408163242
0.016326530612244868  0.14163265306122427
0.018367346938775474  0.08204081632653056
0.02040816326530608  0.07224489795918355
0.018367346938775474  0.0328571428571428
0.016326530612244868  0.016326530612244868
0.02040816326530608  0.02040816326530608
0.02040816326530608  0.02040816326530608
0.014285714285714263  0.028775510204081613
0.02040816326530608  0.020816326530612203
0.02040816326530608  0.09959183673469373
0.016326530612244868  0.016326530612244868
0.018367346938775474  0.018775510204081598
0.02040816326530608  0.06775510204081626
0.018367346938775474  0.07020408163265304
0.016326530612244868  0.016326530612244868
0.02040816326530608  0.037755102040816266
0.02040816326530608  0.06857142857142846
0.014285714285714263  0.04244897959183669
0.02040816326530608  0.05469387755102032
0.02040816326530608  0.05469387755102032
0.016326530612244868  0.05938775510204071
0.018367346938775474  0.035714285714285664
0.02040816326530608  0.05367346938775502
0.018367346938775474  0.018367346938775474
0.016326530612244868  0.016326530612244868
0.02040816326530608  0.02040816326530608
0.02040816326530608  0.02040816326530608
0.014285714285714263  0.014285714285714263
0.02040816326530608  0.02040816326530608
0.02040816326530608  0.04999999999999993
0.016326530612244868  0.05857142857142846
0.018367346938775474  0.018367346938775474
0.02040816326530608  0.02040816326530608
0.018367346938775474  0.018367346938775474
0.016326530612244868  0.016326530612244868
0.02040816326530608  0.02040816326530608
0.02040816326530608  0.02040816326530608
0.014285714285714263  0.014285714285714263
0.02040816326530608  0.02040816326530608
0.02040816326530608  0.02040816326530608
0.016326530612244868  0.016326530612244868
0.018367346938775474  0.018367346938775474
0.02040816326530608  0.02040816326530608
0.018367346938775474  0.018367346938775474
0.016326530612244868  0.016326530612244868
0.02040816326530608  0.02040816326530608
0.02040816326530608  0.02040816326530608
0.014285714285714263  0.014285714285714263
0.02040816326530608  0.02040816326530608
0.02040816326530608  0.02040816326530608
0.016326530612244868  0.016326530612244868
0.018367346938775474  0.018367346938775474
0.02040816326530608  0.02040816326530608
0.018367346938775474  0.018367346938775474
0.016326530612244868  0.016326530612244868
0.02040816326530608  0.02040816326530608
0.02040816326530608  0.02040816326530608
0.014285714285714263  0.014285714285714263
0.02040816326530608  0.02040816326530608
0.02040816326530608  0.02040816326530608
0.016326530612244868  0.016326530612244868
0.018367346938775474  0.018367346938775474
0.02040816326530608  0.02040816326530608
0.018367346938775474  0.018367346938775474
0.016326530612244868  0.016326530612244868
0.02040816326530608  0.02040816326530608
0.02040816326530608  0.02040816326530608
