0.0  0.0
0.06439773106439776  0.30215280620395346
0.0630176704155555  0.5340991003767304
0.08364080445650705  0.5812903916352067
0.13355322817801882  0.6670023428471438
0.16490883126572667  0.6770125382039921
0.21568128729722555  0.6819491126482649
0.2284210732289188  0.6695804142916142
0.24845109828072406  0.68672586807847
0.2766660274003218  0.6583764296656333
0.2841790708173451  0.6686683271350095
0.2754074502810186  0.6686683271350095
0.28796988742770746  0.6686683271350095
0.29394238942285583  0.6686683271350095
0.29115205791558596  0.6686683271350095
0.18166110035268904  0.6663963375212478
0.1794180121941079  0.6631201343709362
0.17256114325273192  0.7051983733914742
0.17390782000873722  0.7814965068425948
0.17821873864145377  0.7625061098928699
0.17821873864145377  0.7324579472925618
0.17821873864145377  0.7475538160469672
0.18081614123885636  0.7448468589313666
0.18341354383625896  0.7452380952380959
0.18341354383625896  0.745618612741901
0.18341354383625896  0.7475538160469672
0.18341354383625896  0.7475538160469672
0.18341354383625896  0.7475538160469672
0.18341354383625896  0.7475538160469672
0.18341354383625896  0.7475538160469672
0.18341354383625896  0.7475538160469672
0.18341354383625896  0.7475538160469672
0.18341354383625896  0.7475538160469672
0.18341354383625896  0.7475538160469672
0.18081614123885636  0.7475538160469672
0.18081614123885636  0.7475538160469672
0.17821873864145377  0.7475538160469672
0.18081614123885636  0.7475538160469672
0.18081614123885636  0.7475538160469672
0.18081614123885636  0.7475538160469672
0.18081614123885636  0.7475538160469672
0.18081614123885636  0.7475538160469672
0.18081614123885636  0.7475538160469672
0.18341354383625896  0.7475538160469672
0.18341354383625896  0.7475538160469672
0.18341354383625896  0.7475538160469672
0.18341354383625896  0.7475538160469672
0.18341354383625896  0.7475538160469672
0.18341354383625896  0.7475538160469672
0.18081614123885636  0.7475538160469672
0.18341354383625896  0.7475538160469672
0.18341354383625896  0.7475538160469672
0.18341354383625896  0.7475538160469672
0.18341354383625896  0.7475538160469672
0.18341354383625896  0.7475538160469672
0.18341354383625896  0.7475538160469672
0.18341354383625896  0.7475538160469672
0.18341354383625896  0.7475538160469672
0.18341354383625896  0.7475538160469672
0.18341354383625896  0.7475538160469672
0.18341354383625896  0.7475538160469672
0.18341354383625896  0.7475538160469672
0.18341354383625896  0.7475538160469672
0.18341354383625896  0.7475538160469672
0.18341354383625896  0.7475538160469672
0.17821873864145377  0.7475538160469672
0.17562133604405117  0.7475538160469672
0.17042653084924594  0.7475538160469672
0.17042653084924594  0.7475538160469672
0.1682315427387649  0.7475538160469672
0.16563414014136232  0.7475538160469672
0.14485491936214154  0.7475538160469672
0.14445250487522  0.7475538160469672
0.13925769968041482  0.7475538160469672
0.1418551022778174  0.7475538160469672
0.14445250487522  0.7475538160469672
0.13925769968041482  0.7475538160469672
0.13666029708301225  0.7475538160469672
0.13666029708301225  0.7475538160469672
0.13925769968041482  0.7475538160469672
0.1470499074726226  0.7475538160469672
0.06653042695314208  0.7475538160469672
0.058738219160934274  0.7475538160469672
0.058738219160934274  0.7475538160469672
0.058738219160934274  0.7475538160469672
0.058738219160934274  0.7475538160469672
0.0591406336478558  0.7475538160469672
0.0591406336478558  0.7475538160469672
0.058738219160934274  0.7475538160469672
0.06653042695314207  0.7475538160469672
0.06653042695314207  0.7475538160469672
0.06653042695314207  0.7475538160469672
0.06653042695314207  0.7475538160469672
0.06912782955054467  0.7475538160469672
0.06393302435573946  0.7475538160469672
0.06528480593126859  0.7475538160469672
0.07645318800819344  0.7475538160469672
0.08614111078726476  0.7475538160469672
0.08614111078726476  0.7475538160469672
0.09133591598206996  0.7475538160469672
0.09093350149514844  0.7475538160469672
