0.25  0.25
0.17857148476182624  0.39984038446449416
0.15704090705627963  0.4356930028704892
0.17037652880809434  0.44141136522653035
0.1926852894075951  0.43090974372575497
0.21464729353978906  0.41366925933430126
0.23528752517976054  0.39684308626894005
0.2535567211611494  0.3842283506431484
0.2750502006745841  0.372394090464798
0.29246715542334634  0.3621068753075341
0.3076288297571467  0.3527806708161307
0.3208242390530243  0.3443493642119395
0.3328740579816151  0.33623084938356085
0.3435661558726665  0.329039932859608
0.3511717860327675  0.32273336082481213
0.3514232445101014  0.31694822367947767
0.35164676315662036  0.31200808421122195
0.3518467535245584  0.30772287255353864
0.3519200288633828  0.3035263316750967
0.35198632559850906  0.2997476975854438
0.3520465953577131  0.29609470486221523
0.3579040743851835  0.2929087651196486
0.36232271769838725  0.29002262923301186
0.3650449156639701  0.28721225009314205
0.3689574893057322  0.28472702272469325
0.3715630777986181  0.28315591609787777
0.37572329193283244  0.28210193596562577
0.3801557666751752  0.28123959850223823
0.3840679758733837  0.2804156931923035
0.38690715660174696  0.279787014561296
0.3893518714002691  0.279271941558073
0.39086541181731793  0.2788300170557373
0.39202611384380986  0.2783712220455751
0.3942594057356544  0.2779201751183204
0.39662433083390286  0.2773864311618305
0.39913902228858544  0.27683737538700876
0.4020829414447855  0.27634355730767673
0.40509542259143855  0.27586388103310755
0.40871479628291835  0.2753503446706018
0.41164037907513396  0.2748481337020239
0.41424488546339827  0.2744720339544541
0.4166427052764273  0.2740947137310103
0.41909700831070085  0.27372842754165905
0.4214573885447582  0.27334671214049583
0.4236461675922599  0.2729517160933928
0.42519014603352756  0.2725206840074218
0.4267381683812179  0.2721098844012518
0.4282080870491741  0.27176585367361633
0.42891040003444064  0.27145772436949844
0.4295261655735925  0.2712138277727599
0.43006073443885595  0.2709548492668129
0.4306864677320303  0.27076724293445653
0.43155097362943906  0.27059129339954785
0.43223306867783307  0.27041211546744326
0.4327979652084784  0.2702606098049099
0.4337582300064925  0.27014542709486233
0.4347518216637221  0.27006053535245916
0.4357319165495155  0.26996677523635376
0.43666816182564716  0.26983954389286785
0.43762930003890915  0.26968894437534685
0.4385449959754263  0.26952722547128066
0.43948992842382273  0.2693680346634304
0.4403505359938604  0.2692439106011328
0.44120138952780935  0.2691291466941158
0.4419895483087116  0.26899823938566486
0.44277932829545497  0.26887687442094116
0.44385318660293  0.26875988137805806
0.44485763840330694  0.2686340749641498
0.44579637806163913  0.2685248727357563
0.4469019002555074  0.2684612411798395
0.44794598661372603  0.2684373568359122
0.44914770914178676  0.2684209880057171
0.4503354681417391  0.2684056069508201
0.4516404736597852  0.268407024223739
0.4529420726647704  0.268431136653372
0.454270085291369  0.26849389578241245
0.45556398061277087  0.26857797325737864
0.456842012504141  0.26867312143323807
0.45805967244607004  0.26876602818746914
0.4592483022261764  0.26888281349275545
0.4603702576567018  0.26903110775921474
0.46192247566030287  0.26917799731790953
0.4632853779518904  0.26932695887645947
0.4644828513169767  0.2694714763902326
0.46630396455611617  0.2696162238138017
0.4672519728606128  0.2697531797848826
0.4681179070359333  0.269880891348424
0.46936891425642696  0.27000556860627395
0.47068425985082923  0.2701275628388551
0.4716095465922913  0.2702403806669475
0.47248018987812457  0.27034266627186804
0.47333004051242616  0.2704387085965569
0.4741462155936664  0.2705484117532909
0.47479424990498814  0.2706371367638197
0.4754279688951045  0.27072368488846055
0.476065034232842  0.2708032376725065
0.47666137777955436  0.2708864605662003
0.47710582656211137  0.2709636700093755
0.477544680465553  0.2710329469349839
0.477972906980971  0.2710936832294143
0.4783400066422587  0.2711629441662079
