-1.0  -1.0
0.2138329124156295  0.07662059134679416
0.3217806036494616  -0.21674719772612297
0.655318373299577  -0.12561174742013242
0.7147827132456211  0.0790509637852377
0.7353817088360157  0.22891893983999675
0.7984380012718667  0.35555759723344627
0.8772877563432839  0.46279242003871346
0.8661698904415313  0.4115584500590789
0.8355433569818479  0.4115584500590789
0.9032695628303056  0.4115584500590789
0.9762436392584021  0.42434168463347083
0.9040583726583963  0.5011174154856829
0.8874933662684915  0.459628467637487
0.8200479842725338  0.5260188548343058
0.8003862855327987  0.5260188548343058
0.8874933662684915  0.5260188548343058
0.8874933662684915  0.5260188548343058
0.8874933662684915  0.5260188548343058
0.8208344522221231  0.5260188548343058
0.8608628072835472  0.5260188548343058
0.527889857625049  0.23434465994373196
0.38617598214069365  0.19980190677381984
0.28888888888888875  0.20685283877210256
0.2565035284279768  0.2000666242921012
0.15334883392186752  0.12323500773928837
0.12777777777777768  0.036244249303463115
0.08584282844531634  -0.015840533968258234
0.1296275530803087  -0.03252236041562237
-0.0022313431490903063  -0.09363294173903283
0.07350904618932949  -0.13541867635623944
-0.012792159274222278  -0.24049151763093782
-0.012792159274222278  -0.24049151763093782
-0.012792159274222278  -0.24049151763093782
-0.012792159274222278  -0.24049151763093782
-0.012792159274222278  -0.24049151763093782
-0.012792159274222278  -0.24049151763093782
-0.06234796863885499  -0.24049151763093782
-0.06234796863885499  -0.24049151763093782
-0.06234796863885499  -0.24049151763093782
-0.06234796863885499  -0.24049151763093782
-0.07651908948762634  -0.24049151763093782
-0.06234796863885499  -0.24049151763093782
-0.06234796863885499  -0.24049151763093782
-0.06234796863885499  -0.24049151763093782
-0.06234796863885499  -0.24049151763093782
-0.15352206215727943  -0.24049151763093782
-0.15352206215727943  -0.24049151763093782
-0.15352206215727943  -0.24049151763093782
-0.15352206215727943  -0.24049151763093782
-0.15352206215727943  -0.24049151763093782
-0.13821646593242937  -0.24049151763093782
-0.13821646593242937  -0.24049151763093782
-0.13821646593242937  -0.24049151763093782
-0.12515550203616435  -0.24049151763093782
-0.15352206215727943  -0.24049151763093782
-0.15352206215727943  -0.24049151763093782
-0.15352206215727943  -0.24049151763093782
-0.15352206215727943  -0.24049151763093782
-0.15352206215727943  -0.24049151763093782
-0.15352206215727943  -0.24049151763093782
-0.15352206215727943  -0.24049151763093782
-0.15352206215727943  -0.24049151763093782
-0.15352206215727943  -0.24049151763093782
-0.15352206215727943  -0.24049151763093782
-0.15352206215727943  -0.24049151763093782
-0.15352206215727943  -0.24049151763093782
-0.15352206215727943  -0.24049151763093782
-0.15352206215727943  -0.24049151763093782
-0.15352206215727943  -0.24049151763093782
-0.15352206215727943  -0.24049151763093782
-0.15352206215727943  -0.24049151763093782
-0.15352206215727943  -0.24049151763093782
-0.15352206215727943  -0.24049151763093782
-0.15352206215727943  -0.24049151763093782
-0.15352206215727943  -0.24049151763093782
-0.15352206215727943  -0.24049151763093782
-0.15352206215727943  -0.24049151763093782
-0.15352206215727943  -0.24049151763093782
-0.15352206215727943  -0.24049151763093782
-0.15352206215727943  -0.24049151763093782
-0.15352206215727943  -0.24049151763093782
-0.15352206215727943  -0.24049151763093782
-0.15352206215727943  -0.24049151763093782
-0.15352206215727943  -0.24049151763093782
-0.15352206215727943  -0.24049151763093782
-0.15352206215727943  -0.24049151763093782
-0.15352206215727943  -0.24049151763093782
-0.15352206215727943  -0.24049151763093782
-0.15352206215727943  -0.24049151763093782
-0.15352206215727943  -0.24049151763093782
-0.15352206215727943  -0.24049151763093782
-0.15352206215727943  -0.24049151763093782
-0.15352206215727943  -0.24049151763093782
-0.15352206215727943  -0.24049151763093782
-0.15352206215727943  -0.24049151763093782
-0.15352206215727943  -0.24049151763093782
-0.15352206215727943  -0.24049151763093782
-0.15352206215727943  -0.24049151763093782
-0.15352206215727943  -0.24049151763093782
-0.15352206215727943  -0.24049151763093782
