0.25  0.25
0.2702381759669643  0.4888885777783997
0.30932117460131775  0.5749996216674175
0.33109467159846373  0.613333022889491
0.35810681134028766  0.6254279222960486
0.3725698976587255  0.6335683774895413
0.3904921005452074  0.6469192344625422
0.4010138140898653  0.6589651803563886
0.4032304620970148  0.6677447942388128
0.4074156978974559  0.674928114688069
0.4076437041462502  0.6781364428402158
0.40684826507222666  0.6827925714043347
0.4056512249789843  0.6851566588609856
0.40403167566104864  0.6873625290523554
0.4031696040760901  0.6907088532015261
0.4020891662870092  0.6936614921566767
0.40102705850305437  0.6962860601168106
0.4001897492276174  0.6986343577653514
0.3997352017020778  0.7007478256490383
0.399582482451812  0.7026600108771358
0.39948659232752254  0.7043983610844972
0.40072548972041927  0.6929738626435977
0.402463194311814  0.6811373388719933
0.4049455470679079  0.6707510563052157
0.40778493860509196  0.6605771053199595
0.4113847703582298  0.6520389951441701
0.41510673264414727  0.6456194363120303
0.41872782455283764  0.6396279793100682
0.42243400329506725  0.634597875164121
0.4262520628711191  0.6297589979536485
0.4298023635595969  0.6245479136509196
0.43294177701252545  0.6194001222823234
0.4360686550260975  0.6144870835286925
0.43918032627503545  0.6098084575301611
0.44184044065881617  0.6052311003305246
0.4443169064220143  0.6010736476158861
0.4468732135015839  0.5970694790891379
0.4491179832657995  0.5934071117734128
0.45151083428562655  0.5900291746065517
0.45391555145704565  0.5868560944185769
0.45628784110635834  0.5836757483566352
0.45873312257406734  0.5805732247450535
0.46100792866113055  0.5777833821761486
0.46316004730164795  0.5750853130176911
0.4652550725401497  0.5726238965136055
0.4672803936968328  0.5703758583280156
0.46918043165695145  0.5682309021352575
0.4709440627057471  0.5661866571509638
0.4726573533876232  0.5642306092779853
0.47423304752951406  0.5624550283488184
0.47568173493835053  0.5607539133627554
0.47723591278675753  0.5590186092420514
0.478671788564617  0.5573231649148966
0.4801093152652997  0.5556553447593009
0.48152374754022553  0.554046648395758
0.48277198210175387  0.5525260142714489
0.48404011681111925  0.5510463179357369
0.4853386324837679  0.5496169064854494
0.4865710041062059  0.5482166992384008
0.4877576035338648  0.54683950592825
0.48889398479207  0.5454286756025827
0.4900366716944374  0.5441367483067583
0.49106216898932276  0.5428792845048029
0.4920091521017356  0.541661235734664
0.4929806794296135  0.54047667339113
0.4939499481302411  0.5393637930665168
0.4949092561609461  0.5382694930102804
0.49583403984645164  0.5372134085898443
0.4966617722211007  0.5361955245203409
0.49746203518815096  0.5352000770315036
0.4982136439317545  0.5342187138001824
0.4989372299435992  0.5332594020884978
0.49964068938665906  0.5323260603406439
0.5003235023965115  0.5314038236596343
0.5010503007919342  0.5304671699867114
0.5017828649607073  0.5295248826748297
0.502489085746699  0.5286027263292673
0.5031665120899486  0.5277007534656607
0.5038541661589024  0.5268372906059541
0.5045321231378265  0.5259692358117648
0.5051810428503468  0.5251527413037806
0.5057928650339187  0.5243355209165563
0.5063772899449083  0.5235280344658376
0.5069654229918452  0.5227414126657391
0.5075946798709631  0.5219681229866188
0.5082182789401856  0.5212188210354685
0.5088285727703993  0.5204712215011764
0.5094670793699358  0.5197404489396178
0.5101046761864815  0.519017629930469
0.5107240474291224  0.5182970257064784
0.5113132688088289  0.5175713777579041
0.511913012506037  0.516854324705272
0.5124799966568349  0.5161735298814445
0.5130021216062012  0.5154859683477692
0.5135285670792519  0.5148141163585691
0.5140370322506084  0.5141496089883205
0.5145215776194507  0.5135071422008592
0.5149722571715178  0.5128798429985035
0.515409200013957  0.512256853569438
0.5158761156821955  0.5116404917972515
0.5163232917199805  0.5110191334403686
