-1.0  -1.0
-0.317063243737114  0.03541994074787791
-0.9650506064888421  0.7499708143569115
-0.9280796961779831  0.5653904129622729
-0.3204025486459743  0.4321072431485167
-0.03126470391446951  0.5046529191810708
0.15590777208809253  0.5569888745375634
-0.0454945500637692  0.3665778319280493
-0.03640652488824196  0.2543655549915202
0.09840588728883097  0.2774495581984317
0.16637804558964434  0.1107010760598582
0.02890881786771046  0.010717847188495853
0.00895095938875663  0.02143569437699173
-0.03991571695790766  0.02143569437699173
-0.02608361232806463  0.01573393875709409
-0.03378996310879689  -0.010394176628117821
-0.07054489431325646  -0.03219186449603082
-0.0839621141224199  -0.07861540321419022
-0.0677989933804879  -0.06433901032318302
-0.1011740716686053  -0.09530294235824893
-0.3387132538984608  -0.1730878331840659
-0.16935662694923023  -0.08654391659203302
-0.22125582447107348  -0.22464547582922526
-0.1122211837610107  -0.27620311847438445
-0.11800637714524972  -0.1823939504634208
-0.14692567365302464  -0.3098705306443321
-0.17662136719884955  -0.43212272526673756
-0.1477020706910746  -0.3593834285214067
-0.18244135866505434  -0.28880065937869953
-0.29942351417420937  -0.43212272526673756
-0.2972887958174038  -0.43212272526673756
-0.15352206215727943  -0.21606136263336875
-0.30704412431455846  -0.4165961243102952
-0.4799284773790904  -0.18729731834078428
-0.20469608287637245  -0.08313062485180663
-0.25587010359546547  -0.10391328106475824
-0.30704412431455846  -0.12469593727770985
-0.3811297769749593  -0.10391328106475824
-0.20469608287637245  -0.03357481548717393
-0.30704412431455846  -0.12469593727770985
-0.30704412431455846  -0.30704412431455846
-0.15352206215727943  -0.15352206215727943
-0.30704412431455846  -0.30704412431455846
-0.30704412431455846  -0.30704412431455846
-0.18512104993791118  0.029695693545824912
-0.3355891758217405  0.037119616932281135
-0.48855458778958555  -0.12469593727770985
-0.3897558873854544  -0.10391328106475824
-0.3430759942989239  -0.08313062485180663
-0.48855458778958555  -0.12469593727770985
-0.4799284773790904  -0.12469593727770985
-0.15352206215727943  -0.06234796863885499
-0.30704412431455846  -0.12469593727770985
-0.30704412431455846  -0.12469593727770985
-0.3170165906401236  -0.08313062485180663
-0.4158152910442547  -0.10391328106475824
-0.48855458778958555  -0.30704412431455846
-0.25587010359546547  -0.25587010359546547
-0.20469608287637245  -0.20469608287637245
-0.30704412431455846  -0.30704412431455846
-0.30704412431455846  -0.30704412431455846
-0.24427729389479275  -0.012792159274222278
-0.3977993560520718  -0.02558431854844456
-0.30704412431455846  -0.02558431854844456
-0.3170165906401236  -0.017056212365629705
-0.4158152910442547  -0.021320265457037132
-0.3891732456415767  -0.02558431854844456
-0.25587010359546547  -0.021320265457037132
-0.20469608287637245  -0.06661202173026243
-0.30704412431455846  -0.12469593727770985
-0.30704412431455846  -0.12469593727770985
-0.15352206215727943  -0.06234796863885499
-0.30704412431455846  -0.12469593727770985
-0.30704412431455846  -0.12469593727770985
-0.20469608287637245  -0.08313062485180663
-0.25587010359546547  -0.10391328106475824
-0.48855458778958555  -0.12469593727770985
-0.3897558873854544  -0.10391328106475824
-0.3430759942989239  -0.174304718370231
-0.48855458778958555  -0.30704412431455846
-0.48855458778958555  -0.30704412431455846
-0.24427729389479275  -0.15352206215727943
-0.48855458778958555  -0.30704412431455846
-0.48855458778958555  -0.30704412431455846
-0.3170165906401236  -0.20469608287637245
-0.4158152910442547  -0.25587010359546547
-0.48855458778958555  -0.30704412431455846
-0.3897558873854544  -0.25587010359546547
-0.3430759942989239  -0.20469608287637245
-0.48855458778958555  -0.30704412431455846
-0.48855458778958555  -0.30704412431455846
-0.24427729389479275  -0.15352206215727943
-0.48855458778958555  -0.30704412431455846
-0.48855458778958555  -0.30704412431455846
-0.3170165906401236  -0.20469608287637245
-0.4158152910442547  -0.25587010359546547
-0.48855458778958555  -0.30704412431455846
-0.3897558873854544  -0.25587010359546547
-0.3430759942989239  -0.20469608287637245
-0.48855458778958555  -0.30704412431455846
-0.48855458778958555  -0.30704412431455846
