0.0  0.0
0.0  0.0
0.0  0.0
0.0  0.0
0.0  0.0
0.0  0.0
0.0  0.0
0.0  0.0
0.0  0.0
0.0  0.0
0.0  0.0
0.0  0.0
0.0  0.0
0.0  0.0
0.0  0.0
0.0  0.0
0.0  0.0
0.0  0.0
0.0  0.0
0.0  0.0
0.0  0.0
0.28714285714285753  0.2957142857142861
0.40952380952380973  0.6242857142857139
0.5661904761904769  0.7228571428571434
0.5976190476190473  0.7666666666666662
0.6814285714285718  0.7885714285714276
0.7128571428571424  0.8214285714285723
0.7747619047619055  0.9199999999999985
0.817619047619048  0.8499999999999992
0.8619047619047611  0.8214285714285723
0.8619047619047611  0.899999999999999
0.8942857142857129  0.9333333333333318
0.8819047619047605  0.9333333333333318
0.7061904761904763  0.9666666666666671
0.7442857142857143  0.9666666666666671
0.758095238095238  0.9666666666666671
0.758095238095238  0.9666666666666671
0.7580952380952382  0.9666666666666671
0.7442857142857143  0.9666666666666671
0.6614285714285715  1.0
0.6614285714285715  1.0
0.6614285714285715  1.0
0.7028571428571428  1.0
0.7028571428571428  1.0
0.7028571428571428  1.0
0.6061904761904763  1.0
0.6061904761904763  1.0
0.6061904761904763  1.0
0.4680952380952384  1.0
0.4819047619047621  1.0
0.4823809523809527  1.0
0.4961904761904764  0.9857142857142858
0.48095238095238124  0.9857142857142858
0.5228571428571431  0.9857142857142858
0.5228571428571431  0.9857142857142858
0.5228571428571431  0.9857142857142858
0.5366666666666668  0.9857142857142858
0.5366666666666668  0.9857142857142858
0.5366666666666668  0.9857142857142858
0.5371428571428573  0.9857142857142858
0.5371428571428573  0.9857142857142858
0.5233333333333335  0.9857142857142858
0.49476190476190496  0.9857142857142858
0.49476190476190496  0.9857142857142858
0.5085714285714287  0.9857142857142858
0.48047619047619067  0.9857142857142858
0.48000000000000015  0.9857142857142858
0.493809523809524  0.9857142857142858
0.493809523809524  0.9857142857142858
0.39904761904761926  0.9857142857142858
0.4133333333333335  0.9857142857142858
0.330952380952381  0.9857142857142858
0.330952380952381  0.9857142857142858
0.26428571428571423  0.9857142857142858
0.2780952380952382  0.9857142857142858
0.2780952380952382  0.9857142857142858
0.2776190476190477  0.9857142857142858
0.29142857142857154  0.9857142857142858
0.30571428571428577  0.9857142857142858
0.30571428571428577  0.9857142857142858
0.29142857142857154  0.9857142857142858
0.24190476190476184  0.9857142857142858
0.239047619047619  0.9857142857142858
0.23857142857142852  0.9857142857142858
0.2371428571428571  0.9857142857142858
0.26333333333333336  0.9857142857142858
0.24761904761904754  0.9857142857142858
0.27619047619047626  0.9857142857142858
0.49000000000000016  0.9857142857142858
0.26095238095238094  0.9857142857142858
0.26095238095238094  0.9857142857142858
0.25952380952380955  0.9857142857142858
0.28761904761904766  0.9857142857142858
0.07714285714285714  0.9857142857142858
0.07619047619047618  0.9857142857142858
0.07619047619047618  0.9857142857142858
0.0757142857142857  0.9857142857142858
0.0757142857142857  0.9857142857142858
0.0757142857142857  0.9857142857142858
0.0757142857142857  0.9857142857142858
0.08047619047619045  0.9857142857142858
