-1.0  -1.0
-0.07690537201943394  -0.10208410457978367
0.3285606076444996  0.032374447704382636
0.8736396482957272  0.06817166639815427
0.7707179587360371  0.029112783801206295
0.6920603352310113  0.11162832344002804
0.6325593795053537  0.19167696324209235
0.68904400981483  0.17540436556730934
0.6558692583853248  0.09265728107992241
0.8032215881692704  0.1647148905582344
0.8673469387755084  0.1641391959088328
0.4977837794250269  0.08450339510920124
0.7508376280065314  0.1207191358702875
0.7508376280065314  0.12129483061045196
0.5115195432726377  -0.027757023190029838
0.5611317177496943  -0.050846332496138354
0.6234796863885488  -0.055509242379651214
0.5288288968810261  -0.0822148842259773
0.42286449708625906  -0.08830078325329686
0.5084073154705439  -0.05164149417358352
0.524234746137045  -0.0508071006964361
0.2940361847573175  -0.07192116186241283
0.4200516925104535  -0.10370616123520304
0.4200516925104535  -0.10146232456110535
0.3600990870744741  -0.0825161616533429
0.3780465232594082  -0.09351913174865437
0.4200516925104535  -0.10207428001767745
0.3780465232594082  -0.09209123568331948
0.3360413540083629  -0.19457424014222074
0.4200516925104535  -0.1705143175459502
0.4200516925104535  -0.030689957074685095
0.2503130871608796  -0.005090218361351999
0.3575901245155423  0.07472989737196137
0.3575901245155423  -4.8150729570438545E-4
0.23620494388587246  -0.003808517136264717
0.25771619755840897  0.06481572390033488
0.2863513306204542  0.1007837753009688
0.25771619755840897  -0.0433621988451981
0.16081571659022317  -0.07519447942397356
0.201019645737779  -0.09399309927996695
0.201019645737779  -0.09399309927996695
-0.06579516949597687  -0.07993314660210021
-0.09399309927996695  -0.09469787447956729
-0.09399309927996695  -0.15319283168640016
-0.07519447942397356  -0.07519447942397356
-0.08459378935197026  0.07346097177563186
-0.09399309927996695  -0.01000820738159598
-0.08459378935197026  -0.006822052137165698
-0.07519447942397356  0.07125482130154856
-0.09399309927996695  0.06256508493446462
-0.09399309927996695  -0.010662405587517382
-0.06579516949597687  -0.0016763001439808961
-0.09399309927996695  0.003806053830685772
-0.09399309927996695  0.003806053830685772
-0.07519447942397356  -0.11713216290488503
-0.08459378935197026  -0.10427712315055462
-0.09399309927996695  -0.1445719917936917
-0.08459378935197026  -0.08459378935197026
-0.07519447942397356  -0.07519447942397356
-0.09399309927996695  -0.09399309927996695
-0.09399309927996695  -0.09399309927996695
-0.06579516949597687  -0.06579516949597687
-0.09399309927996695  -0.09399309927996695
-0.09399309927996695  -0.13744224747481307
-0.07519447942397356  -0.12921673256550384
-0.08459378935197026  -0.08459378935197026
-0.09399309927996695  -0.09399309927996695
-0.08459378935197026  -0.08459378935197026
-0.07519447942397356  -0.07519447942397356
-0.09399309927996695  -0.09399309927996695
-0.09399309927996695  -0.09399309927996695
-0.06579516949597687  -0.06579516949597687
-0.09399309927996695  -0.09399309927996695
-0.09399309927996695  -0.09399309927996695
-0.07519447942397356  -0.07519447942397356
-0.08459378935197026  -0.08459378935197026
-0.09399309927996695  -0.09399309927996695
-0.08459378935197026  -0.08459378935197026
-0.07519447942397356  -0.07519447942397356
-0.09399309927996695  -0.09399309927996695
-0.09399309927996695  -0.09399309927996695
-0.06579516949597687  -0.06579516949597687
-0.09399309927996695  -0.09399309927996695
-0.09399309927996695  -0.09399309927996695
-0.07519447942397356  -0.07519447942397356
-0.08459378935197026  -0.08459378935197026
-0.09399309927996695  -0.09399309927996695
-0.08459378935197026  -0.08459378935197026
-0.07519447942397356  -0.07519447942397356
-0.09399309927996695  -0.09399309927996695
-0.09399309927996695  -0.09399309927996695
-0.06579516949597687  -0.06579516949597687
-0.09399309927996695  -0.09399309927996695
-0.09399309927996695  -0.09399309927996695
-0.07519447942397356  -0.07519447942397356
-0.08459378935197026  -0.08459378935197026
-0.09399309927996695  -0.09399309927996695
-0.08459378935197026  -0.08459378935197026
-0.07519447942397356  -0.07519447942397356
-0.09399309927996695  -0.09399309927996695
-0.09399309927996695  -0.09399309927996695
