-1.0  -1.0
-0.25942512077574076  -0.18144293371696904
-0.3774742551538164  -0.09055059966648751
-0.5324690468427752  -0.0372133754122714
-0.4995133100556339  -0.017360289231337662
-0.5112223247270233  -0.054448918713129936
-0.5271852745386298  -0.1090770480844276
-0.5946231087387442  -0.13783114895886195
-0.606164104406822  -0.10414698978648508
-0.580697898869288  -0.13824008821759115
-0.643997698053994  -0.1678610286685085
-0.6418356277452543  -0.1678610286685085
-0.6413974938967341  -0.1678610286685085
-0.6716002960680015  -0.1678610286685085
-0.6658877696358371  -0.1678610286685085
-0.6118226320058497  -0.16914425059510035
-0.5881287953795109  -0.1684809277393664
-0.6039955100475154  -0.1495538146952052
-0.6249738853484876  -0.10625601958164947
-0.6445636427329869  -0.11008444635654606
-0.6566561847021687  -0.1420520661078391
-0.6566561847021687  -0.13502686453855445
-0.6538245236412726  -0.15227941680226104
-0.6630854045495583  -0.15188331989565668
-0.6630854045495583  -0.1515746416026607
-0.6630854045495583  -0.13502686453855445
-0.6630854045495583  -0.13502686453855445
-0.6630854045495583  -0.13502686453855445
-0.6630854045495583  -0.13502686453855445
-0.6630854045495583  -0.13502686453855445
-0.6630854045495583  -0.13502686453855445
-0.6630854045495583  -0.13502686453855445
-0.6630854045495583  -0.13502686453855445
-0.6630854045495583  -0.13502686453855445
-0.6538245236412725  -0.13502686453855445
-0.6538245236412725  -0.13502686453855445
-0.6445636427329869  -0.13502686453855445
-0.6538245236412725  -0.13502686453855445
-0.6538245236412725  -0.13502686453855445
-0.6538245236412725  -0.13502686453855445
-0.6538245236412725  -0.13502686453855445
-0.6538245236412725  -0.13502686453855445
-0.6538245236412725  -0.13502686453855445
-0.6630854045495583  -0.13502686453855445
-0.6630854045495583  -0.13502686453855445
-0.6630854045495583  -0.13502686453855445
-0.6630854045495583  -0.13502686453855445
-0.6630854045495583  -0.13502686453855445
-0.6630854045495583  -0.13502686453855445
-0.6538245236412725  -0.13502686453855445
-0.6630854045495583  -0.13502686453855445
-0.6630854045495583  -0.13502686453855445
-0.6630854045495583  -0.13502686453855445
-0.6630854045495583  -0.13502686453855445
-0.6630854045495583  -0.13502686453855445
-0.6630854045495583  -0.13502686453855445
-0.6630854045495583  -0.13502686453855445
-0.6630854045495583  -0.13502686453855445
-0.6630854045495583  -0.13502686453855445
-0.6630854045495583  -0.13502686453855445
-0.6630854045495583  -0.13502686453855445
-0.6630854045495583  -0.13502686453855445
-0.6630854045495583  -0.13502686453855445
-0.6630854045495583  -0.13502686453855445
-0.6630854045495583  -0.13502686453855445
-0.6445636427329869  -0.13502686453855445
-0.647395303793883  -0.13502686453855445
-0.6530586259156752  -0.13502686453855445
-0.6530586259156752  -0.13502686453855445
-0.6406646416980574  -0.13502686453855445
-0.6434963027589534  -0.13502686453855445
-0.6661495912461224  -0.13502686453855445
-0.6813752365246364  -0.13502686453855445
-0.6870385586464286  -0.13502686453855445
-0.6842068975855324  -0.13502686453855445
-0.6813752365246364  -0.13502686453855445
-0.6507609327388832  -0.13502686453855445
-0.6415000518305977  -0.13502686453855445
-0.6415000518305977  -0.13502686453855445
-0.6386683907697014  -0.13502686453855445
-0.642265949556195  -0.13502686453855445
-0.730047442443974  -0.13502686453855445
-0.7385424256266623  -0.13502686453855445
-0.7385424256266623  -0.13502686453855445
-0.7385424256266623  -0.13502686453855445
-0.7385424256266623  -0.13502686453855445
-0.7233167803481484  -0.13502686453855445
-0.7112242383789666  -0.13502686453855445
-0.7385424256266623  -0.13502686453855445
-0.730047442443974  -0.13502686453855445
-0.730047442443974  -0.13502686453855445
-0.730047442443974  -0.13502686453855445
-0.730047442443974  -0.13502686453855445
-0.727215781383078  -0.13502686453855445
-0.7207865615356884  -0.13502686453855445
-0.7171246509973389  -0.13502686453855445
-0.6655129906859849  -0.13502686453855445
-0.6714043000415888  -0.13502686453855445
-0.6714043000415888  -0.13502686453855445
-0.6657409779197967  -0.13502686453855445
-0.6809666231983106  -0.13502686453855445
