0.0  0.0
0.0  0.2963419632839276
0.0  1.1717410394181518
0.177186908716203  0.9722713993351789
0.2791352748305454  0.7402187277551288
0.6175345497350955  0.9085624826218895
0.8875337230392681  1.0675890985324963
0.6846824025870543  0.8493802893802889
0.5712681452955515  0.6657120812220952
0.9020346244037415  0.9666689561188203
0.9098039215686261  0.9264598292914243
0.44371584699453526  0.45569979893347307
0.8802749867794826  0.9113995978669476
0.8731182795698931  0.9113995978669476
0.5870967741935481  0.6078765626365942
0.7225806451612905  0.7555488416819657
0.8696258064516129  0.9040516129032264
0.7317333333333339  0.7474878306878312
0.567466666666667  0.5977439153439157
0.866133333333334  0.8968211640211645
0.8524934383202091  0.88970545348498
0.42624671916010476  0.4448527267424907
0.8809957349081364  0.8862036125692616
0.8855083333333338  0.8827017716535422
0.5777777777777777  0.588738517060367
0.7111111111111106  0.7318670013632017
0.8592592592592582  0.8758074935400516
0.7259259259259253  0.7299741602067182
0.5829457364341091  0.5837370801033591
0.8810596349874875  0.8758074935400516
0.8796150481189854  0.8758074935400516
0.4496124031007755  0.4379037467700258
0.8992248062015515  0.8268545060899639
0.8474483204134367  0.8862737860892389
0.5994832041343675  0.6041666666666667
0.7493540051679595  0.7552083333333335
0.8992248062015515  0.9062500000000001
0.7161983204134367  0.7552083333333335
0.5994832041343675  0.6077345800524928
0.8992248062015515  0.9062500000000001
0.8992248062015515  0.8992248062015515
0.4496124031007755  0.4496124031007755
0.8992248062015515  0.8992248062015515
0.8992248062015515  0.8992248062015515
0.5732283464566925  0.6137566137566136
0.7021817585301837  0.7671957671957664
0.8458333333333332  0.9062500000000001
0.7145833333333332  0.7552083333333335
0.5541666666666666  0.6041666666666667
0.8458333333333332  0.9062500000000001
0.8474483204134367  0.9062500000000001
0.4496124031007755  0.45312500000000006
0.8992248062015515  0.9062500000000001
0.8992248062015515  0.9062500000000001
0.5687499999999999  0.6041666666666667
0.6999999999999998  0.7552083333333335
0.8458333333333332  0.8992248062015515
0.7493540051679595  0.7493540051679595
0.5994832041343675  0.5994832041343675
0.8992248062015515  0.8992248062015515
0.8992248062015515  0.8992248062015515
0.4229166666666666  0.45669291338582646
0.8725290697674425  0.9133858267716524
0.8992248062015515  0.9133858267716524
0.5687499999999999  0.6089238845144351
0.6999999999999998  0.7611548556430437
0.874144056847546  0.9133858267716524
0.7493540051679595  0.7611548556430437
0.5994832041343675  0.6053559711286091
0.8992248062015515  0.9062500000000001
0.8992248062015515  0.9062500000000001
0.4496124031007755  0.45312500000000006
0.8992248062015515  0.9062500000000001
0.8992248062015515  0.9062500000000001
0.5994832041343675  0.6041666666666667
0.7493540051679595  0.7552083333333335
0.8458333333333332  0.9062500000000001
0.7145833333333332  0.7552083333333335
0.5541666666666666  0.6006540697674424
0.8458333333333332  0.8992248062015515
0.8458333333333332  0.8992248062015515
0.4229166666666666  0.4496124031007755
0.8458333333333332  0.8992248062015515
0.8458333333333332  0.8992248062015515
0.5687499999999999  0.5994832041343675
0.6999999999999998  0.7493540051679595
0.8458333333333332  0.8992248062015515
0.7145833333333332  0.7493540051679595
0.5541666666666666  0.5994832041343675
0.8458333333333332  0.8992248062015515
0.8458333333333332  0.8992248062015515
0.4229166666666666  0.4496124031007755
0.8458333333333332  0.8992248062015515
0.8458333333333332  0.8992248062015515
0.5687499999999999  0.5994832041343675
0.6999999999999998  0.7493540051679595
0.8458333333333332  0.8992248062015515
0.7145833333333332  0.7493540051679595
0.5541666666666666  0.5994832041343675
0.8458333333333332  0.8992248062015515
0.8458333333333332  0.8992248062015515
