0.0  0.0
0.17495301309343056  0.06021505376344082
0.4482490217762861  0.058204161429967864
0.7773329722508052  0.16183009200086998
0.7519378012368259  0.22969790066564252
0.7459999453223358  0.2797727362243491
0.808923150985969  0.44742883657124416
0.8885116015846063  0.4895489116181485
0.9076539060977981  0.4716627327563599
0.8466882933139297  0.4716627327563599
0.9450224040522106  0.47166273275635984
0.9830508474576265  0.48739837398373986
0.9456068575881545  0.538443670150987
0.9333333333333329  0.5329011695432566
0.8993345432546879  0.5700996677740862
0.884210526315789  0.5700996677740862
0.9333333333333329  0.5700996677740862
0.9333333333333329  0.5700996677740862
0.9333333333333329  0.5700996677740862
0.8999395039322439  0.5700996677740862
0.9032589486385404  0.5700996677740862
0.6852320675105487  0.4858929117663683
0.5948717948717948  0.5014048673203405
0.5413333333333334  0.5066217430368373
0.5255663430420711  0.5012937949593749
0.48333333333333334  0.46487902235323003
0.47485380116959053  0.4176851851851853
0.4626780626780627  0.408868563685637
0.4793388429752064  0.4050474254742549
0.44371584699453526  0.3992466769905792
0.4677419354838713  0.4116671466973888
0.45669291338582646  0.4011514689696044
0.45669291338582646  0.4011514689696044
0.45669291338582646  0.4011514689696044
0.45669291338582646  0.4011514689696044
0.45669291338582646  0.4011514689696044
0.45669291338582646  0.4011514689696044
0.45312500000000006  0.4011514689696044
0.45312500000000006  0.4011514689696044
0.45312500000000006  0.4011514689696044
0.45312500000000006  0.4011514689696044
0.43167104111986  0.4011514689696044
0.45312500000000006  0.4011514689696044
0.45312500000000006  0.4011514689696044
0.45312500000000006  0.4011514689696044
0.45312500000000006  0.4011514689696044
0.4496124031007755  0.4011514689696044
0.4496124031007755  0.4011514689696044
0.4496124031007755  0.4011514689696044
0.4496124031007755  0.4011514689696044
0.4496124031007755  0.4011514689696044
0.42624671916010476  0.4011514689696044
0.42624671916010476  0.4011514689696044
0.42624671916010476  0.4011514689696044
0.4282767388451443  0.4011514689696044
0.4496124031007755  0.4011514689696044
0.4496124031007755  0.4011514689696044
0.4496124031007755  0.4011514689696044
0.4496124031007755  0.4011514689696044
0.4496124031007755  0.4011514689696044
0.4496124031007755  0.4011514689696044
0.4496124031007755  0.4011514689696044
0.4496124031007755  0.4011514689696044
0.4496124031007755  0.4011514689696044
0.4496124031007755  0.4011514689696044
0.4496124031007755  0.4011514689696044
0.4496124031007755  0.4011514689696044
0.4496124031007755  0.4011514689696044
0.4496124031007755  0.4011514689696044
0.4496124031007755  0.4011514689696044
0.4496124031007755  0.4011514689696044
0.4496124031007755  0.4011514689696044
0.4496124031007755  0.4011514689696044
0.4496124031007755  0.4011514689696044
0.4496124031007755  0.4011514689696044
0.4496124031007755  0.4011514689696044
0.4496124031007755  0.4011514689696044
0.4496124031007755  0.4011514689696044
0.4496124031007755  0.4011514689696044
0.4496124031007755  0.4011514689696044
0.4496124031007755  0.4011514689696044
0.4496124031007755  0.4011514689696044
0.4496124031007755  0.4011514689696044
0.4496124031007755  0.4011514689696044
0.4496124031007755  0.4011514689696044
0.4496124031007755  0.4011514689696044
0.4496124031007755  0.4011514689696044
0.4496124031007755  0.4011514689696044
0.4496124031007755  0.4011514689696044
0.4496124031007755  0.4011514689696044
0.4496124031007755  0.4011514689696044
0.4496124031007755  0.4011514689696044
0.4496124031007755  0.4011514689696044
0.4496124031007755  0.4011514689696044
0.4496124031007755  0.4011514689696044
0.4496124031007755  0.4011514689696044
0.4496124031007755  0.4011514689696044
0.4496124031007755  0.4011514689696044
0.4496124031007755  0.4011514689696044
0.4496124031007755  0.4011514689696044
0.4496124031007755  0.4011514689696044
