0.6999999999999996  0.6999999999999996
0.5859999999999999  0.5299999999999998
0.5233333333333333  0.523
0.5153333333333335  0.5036666666666665
0.4983333333333337  0.5169999999999999
0.46100000000000035  0.40266666666666673
0.4416666666666667  0.2783333333333332
0.3703333333333332  0.30600000000000005
0.38600000000000007  0.31799999999999984
0.2993333333333333  0.27599999999999986
0.3003333333333333  0.29366666666666674
0.2899999999999999  0.2810000000000001
0.2899999999999999  0.6003333333333335
0.2899999999999999  0.398
0.2899999999999999  0.2986666666666665
0.2899999999999999  0.28499999999999986
0.2939999999999999  0.2609999999999999
0.3033333333333333  0.2783333333333332
0.29400000000000015  0.27099999999999985
0.29400000000000015  0.2906666666666666
0.29400000000000015  0.3059999999999999
0.2993333333333333  0.3059999999999999
0.2899999999999999  0.3059999999999999
0.2899999999999999  0.3059999999999999
0.3046666666666668  0.3059999999999999
0.2873333333333333  0.3059999999999999
0.2899999999999999  0.3059999999999999
0.2899999999999999  0.3059999999999999
0.2899999999999999  0.3059999999999999
0.2899999999999999  0.3059999999999999
0.2899999999999999  0.3059999999999999
0.2899999999999999  0.3059999999999999
0.2899999999999999  0.3059999999999999
0.2899999999999999  0.3059999999999999
0.2899999999999999  0.3059999999999999
0.2899999999999999  0.3059999999999999
0.2899999999999999  0.3059999999999999
0.2899999999999999  0.3059999999999999
0.2899999999999999  0.3059999999999999
0.2899999999999999  0.3059999999999999
0.2899999999999999  0.3059999999999999
0.2899999999999999  0.3059999999999999
0.2899999999999999  0.3059999999999999
0.2899999999999999  0.3059999999999999
0.2899999999999999  0.3059999999999999
0.2899999999999999  0.3059999999999999
0.2899999999999999  0.3059999999999999
0.2899999999999999  0.3059999999999999
0.2899999999999999  0.3059999999999999
0.2899999999999999  0.3059999999999999
0.2899999999999999  0.3059999999999999
0.2899999999999999  0.3059999999999999
0.2899999999999999  0.3059999999999999
0.2899999999999999  0.3059999999999999
0.2899999999999999  0.3059999999999999
0.2899999999999999  0.3059999999999999
0.2899999999999999  0.3059999999999999
0.2899999999999999  0.3059999999999999
0.2899999999999999  0.3059999999999999
0.2899999999999999  0.3059999999999999
0.2899999999999999  0.3059999999999999
0.2899999999999999  0.3059999999999999
0.2899999999999999  0.3059999999999999
0.2899999999999999  0.3059999999999999
0.2899999999999999  0.3059999999999999
0.2899999999999999  0.3059999999999999
0.2899999999999999  0.3059999999999999
0.2899999999999999  0.3059999999999999
0.2899999999999999  0.3059999999999999
0.2899999999999999  0.3059999999999999
0.2899999999999999  0.3059999999999999
0.2899999999999999  0.3059999999999999
0.2899999999999999  0.3059999999999999
0.2899999999999999  0.3059999999999999
0.2899999999999999  0.3059999999999999
0.2899999999999999  0.3059999999999999
0.2899999999999999  0.3059999999999999
0.2899999999999999  0.3059999999999999
0.2899999999999999  0.3059999999999999
0.2899999999999999  0.3059999999999999
0.2899999999999999  0.3059999999999999
0.2899999999999999  0.3059999999999999
0.2899999999999999  0.3059999999999999
0.2899999999999999  0.3059999999999999
0.2899999999999999  0.3059999999999999
0.2899999999999999  0.3059999999999999
0.2899999999999999  0.3059999999999999
0.2899999999999999  0.3059999999999999
0.2899999999999999  0.3059999999999999
0.2899999999999999  0.3059999999999999
0.2899999999999999  0.3059999999999999
0.2899999999999999  0.3059999999999999
0.2899999999999999  0.3059999999999999
0.2899999999999999  0.3059999999999999
0.2899999999999999  0.3059999999999999
0.2899999999999999  0.3059999999999999
0.2899999999999999  0.3059999999999999
0.2899999999999999  0.3059999999999999
0.2899999999999999  0.3059999999999999
0.2899999999999999  0.3059999999999999
0.2899999999999999  0.3059999999999999
