0.0  0.0
0.9666666666666667  0.9333333333333333
0.8666666666666667  0.6666666666666666
0.9  0.6666666666666666
0.9666666666666667  0.8
1.0  0.9
1.0  0.9
1.0  0.9666666666666667
0.9666666666666667  0.9333333333333333
1.0  0.9333333333333333
0.9666666666666667  0.9333333333333333
1.0  0.9333333333333333
0.9666666666666667  0.9666666666666667
0.9666666666666667  0.9333333333333333
0.9333333333333333  0.9666666666666667
0.9333333333333333  0.9666666666666667
0.9666666666666667  0.9666666666666667
0.9666666666666667  0.9666666666666667
0.9666666666666667  0.9666666666666667
0.9333333333333333  0.9666666666666667
0.9666666666666667  0.9666666666666667
0.5523809523809522  0.45882038223611527
0.44371584699453526  0.3692343200407716
0.3866666666666668  0.3553494547178759
0.3707762557077624  0.34076783323771254
0.33008130081300824  0.34321746880570403
0.3222222222222222  0.37208173690932317
0.311111111111111  0.36382317801672653
0.3186813186813186  0.36152927120669065
0.29420289855072485  0.3553651433691754
0.30851063829787223  0.3335671768707483
0.29896907216494845  0.3264604810996565
0.29896907216494845  0.3264604810996565
0.29896907216494845  0.3264604810996565
0.29896907216494845  0.3264604810996565
0.29896907216494845  0.3264604810996565
0.29896907216494845  0.3264604810996565
0.29591836734693894  0.3264604810996565
0.29591836734693894  0.3264604810996565
0.29591836734693894  0.3264604810996565
0.29591836734693894  0.3264604810996565
0.2831615120274915  0.3264604810996565
0.29591836734693894  0.3264604810996565
0.29591836734693894  0.3264604810996565
0.29591836734693894  0.3264604810996565
0.29591836734693894  0.3264604810996565
0.29292929292929304  0.3264604810996565
0.29292929292929304  0.3264604810996565
0.29292929292929304  0.3264604810996565
0.29292929292929304  0.3264604810996565
0.29292929292929304  0.3264604810996565
0.2790378006872852  0.3264604810996565
0.2790378006872852  0.3264604810996565
0.2790378006872852  0.3264604810996565
0.28024756294270275  0.3264604810996565
0.29292929292929304  0.3264604810996565
0.29292929292929304  0.3264604810996565
0.29292929292929304  0.3264604810996565
0.29292929292929304  0.3264604810996565
0.29292929292929304  0.3264604810996565
0.29292929292929304  0.3264604810996565
0.29292929292929304  0.3264604810996565
0.29292929292929304  0.3264604810996565
0.29292929292929304  0.3264604810996565
0.29292929292929304  0.3264604810996565
0.29292929292929304  0.3264604810996565
0.29292929292929304  0.3264604810996565
0.29292929292929304  0.3264604810996565
0.29292929292929304  0.3264604810996565
0.29292929292929304  0.3264604810996565
0.29292929292929304  0.3264604810996565
0.29292929292929304  0.3264604810996565
0.29292929292929304  0.3264604810996565
0.29292929292929304  0.3264604810996565
0.29292929292929304  0.3264604810996565
0.29292929292929304  0.3264604810996565
0.29292929292929304  0.3264604810996565
0.29292929292929304  0.3264604810996565
0.29292929292929304  0.3264604810996565
0.29292929292929304  0.3264604810996565
0.29292929292929304  0.3264604810996565
0.29292929292929304  0.3264604810996565
0.29292929292929304  0.3264604810996565
0.29292929292929304  0.3264604810996565
0.29292929292929304  0.3264604810996565
0.29292929292929304  0.3264604810996565
0.29292929292929304  0.3264604810996565
0.29292929292929304  0.3264604810996565
0.29292929292929304  0.3264604810996565
0.29292929292929304  0.3264604810996565
0.29292929292929304  0.3264604810996565
0.29292929292929304  0.3264604810996565
0.29292929292929304  0.3264604810996565
0.29292929292929304  0.3264604810996565
0.29292929292929304  0.3264604810996565
0.29292929292929304  0.3264604810996565
0.29292929292929304  0.3264604810996565
0.29292929292929304  0.3264604810996565
0.29292929292929304  0.3264604810996565
0.29292929292929304  0.3264604810996565
0.29292929292929304  0.3264604810996565
