0.30000000000000043  0.30000000000000043
0.3522857142857143  0.2987142857142855
0.8059999999999999  0.49100000000000005
1.1601428571428567  0.5757142857142856
0.982857142857142  0.5211428571428571
1.006285714285715  0.6668571428571431
1.053999999999999  0.7797142857142865
1.0361428571428561  0.7192857142857149
0.9324285714285728  0.6249999999999996
1.1794285714285702  0.8202857142857138
1.2000000000000028  0.8198571428571424
0.8009999999999998  0.5640000000000003
1.1571428571428588  0.8057142857142865
1.1571428571428588  0.8061428571428578
0.8957142857142866  0.6041428571428579
1.002857142857144  0.6734285714285724
1.1142857142857154  0.7490000000000013
0.9928571428571441  0.6635714285714288
0.8685714285714279  0.6311428571428568
1.0790000000000002  0.8321428571428566
1.0792857142857146  0.8327142857142852
0.7400000000000002  0.5725714285714284
1.057142857142857  0.8172857142857141
1.057142857142857  0.8188571428571426
0.8519999999999995  0.6541428571428568
0.951428571428572  0.7354285714285712
1.057142857142857  0.8184285714285712
0.951428571428572  0.7364285714285712
0.8457142857142863  0.6338571428571425
1.057142857142857  0.8449999999999999
1.057142857142857  0.9254285714285716
0.729999999999999  0.6712857142857152
1.0428571428571418  0.9860000000000001
1.0428571428571418  0.9167142857142874
0.8242857142857135  0.7397142857142851
0.9257142857142848  0.8762857142857133
1.0285714285714276  0.9860000000000018
0.9257142857142848  0.8867142857142848
0.8114285714285722  0.7885714285714278
1.0142857142857142  0.9857142857142843
1.0142857142857142  0.9857142857142843
0.6899999999999995  0.6841428571428567
0.9857142857142843  0.9854285714285701
0.9857142857142843  0.9431428571428587
0.7885714285714278  0.7885714285714278
0.887142857142856  0.8992857142857158
0.9857142857142843  0.9710000000000004
0.887142857142856  0.8719999999999996
0.7885714285714278  0.8000000000000012
0.9857142857142843  0.9920000000000008
0.9857142857142843  0.9745714285714271
0.6899999999999995  0.6844285714285709
0.9857142857142843  0.9801428571428558
0.9857142857142843  0.9801428571428558
0.7885714285714278  0.7682857142857138
0.887142857142856  0.8792857142857137
0.9857142857142843  0.9667142857142853
0.887142857142856  0.887142857142856
0.7885714285714278  0.7885714285714278
0.9857142857142843  0.9857142857142843
0.9857142857142843  0.9857142857142843
0.6899999999999995  0.6899999999999995
0.9857142857142843  0.9857142857142843
0.9857142857142843  0.9692857142857144
0.7885714285714278  0.7675714285714281
0.887142857142856  0.887142857142856
0.9857142857142843  0.9857142857142843
0.887142857142856  0.887142857142856
0.7885714285714278  0.7885714285714278
0.9857142857142843  0.9857142857142843
0.9857142857142843  0.9857142857142843
0.6899999999999995  0.6899999999999995
0.9857142857142843  0.9857142857142843
0.9857142857142843  0.9857142857142843
0.7885714285714278  0.7885714285714278
0.887142857142856  0.887142857142856
0.9857142857142843  0.9857142857142843
0.887142857142856  0.887142857142856
0.7885714285714278  0.7885714285714278
0.9857142857142843  0.9857142857142843
0.9857142857142843  0.9857142857142843
0.6899999999999995  0.6899999999999995
0.9857142857142843  0.9857142857142843
0.9857142857142843  0.9857142857142843
0.7885714285714278  0.7885714285714278
0.887142857142856  0.887142857142856
0.9857142857142843  0.9857142857142843
0.887142857142856  0.887142857142856
0.7885714285714278  0.7885714285714278
0.9857142857142843  0.9857142857142843
0.9857142857142843  0.9857142857142843
0.6899999999999995  0.6899999999999995
0.9857142857142843  0.9857142857142843
0.9857142857142843  0.9857142857142843
0.7885714285714278  0.7885714285714278
0.887142857142856  0.887142857142856
0.9857142857142843  0.9857142857142843
0.887142857142856  0.887142857142856
0.7885714285714278  0.7885714285714278
0.9857142857142843  0.9857142857142843
0.9857142857142843  0.9857142857142843
