0.6999999999999996  0.6999999999999996
0.5099999999999999  0.6160000000000001
1.2466666666666661  1.366333333333334
1.2216666666666671  1.2399999999999995
0.6326666666666666  0.7340000000000004
0.7756666666666667  0.8869999999999997
0.8980000000000008  1.020666666666668
0.6263333333333334  0.7673333333333343
0.47433333333333333  0.5836666666666664
0.7143333333333338  0.8006666666666662
0.7593333333333334  0.700666666666667
0.35166666666666657  0.3303333333333333
0.6840000000000003  0.6606666666666661
0.6646666666666671  0.6606666666666661
0.43900000000000017  0.4406666666666667
0.5580000000000003  0.5403333333333336
0.655  0.640666666666667
0.5293333333333335  0.5173333333333335
0.4386666666666667  0.4136666666666668
0.6453333333333333  0.6206666666666666
0.6073333333333325  0.6006666666666673
0.3036666666666666  0.30033333333333334
0.6050000000000008  0.5906666666666659
0.6236666666666667  0.5806666666666658
0.4130000000000002  0.387333333333333
0.5260000000000005  0.47366666666666624
0.6260000000000008  0.5606666666666663
0.5130000000000005  0.46733333333333305
0.4029999999999996  0.3736666666666666
0.5933333333333324  0.5606666666666663
0.5933333333333324  0.5606666666666663
0.2899999999999999  0.28033333333333343
0.5799999999999991  0.6023333333333324
0.5893333333333328  0.6093333333333341
0.3866666666666663  0.40000000000000024
0.48333333333333267  0.5000000000000004
0.5799999999999991  0.6000000000000008
0.48199999999999965  0.5000000000000004
0.3866666666666663  0.41000000000000003
0.5799999999999991  0.6000000000000008
0.5799999999999991  0.5799999999999991
0.2899999999999999  0.2899999999999999
0.5799999999999991  0.5799999999999991
0.5799999999999991  0.5799999999999991
0.39999999999999963  0.42666666666666686
0.5006666666666661  0.5333333333333335
0.5879999999999997  0.6000000000000008
0.48066666666666635  0.5000000000000004
0.40133333333333326  0.40000000000000024
0.5879999999999997  0.6000000000000008
0.5893333333333328  0.6000000000000008
0.2899999999999999  0.3
0.5799999999999991  0.6000000000000008
0.5799999999999991  0.6000000000000008
0.38733333333333325  0.40000000000000024
0.49466666666666637  0.5000000000000004
0.5879999999999997  0.5799999999999991
0.48333333333333267  0.48333333333333267
0.3866666666666663  0.3866666666666663
0.5799999999999991  0.5799999999999991
0.5799999999999991  0.5799999999999991
0.29400000000000015  0.3099999999999999
0.5839999999999993  0.6199999999999999
0.5799999999999991  0.6199999999999999
0.38733333333333325  0.4133333333333334
0.49466666666666637  0.5166666666666669
0.5853333333333326  0.6199999999999999
0.48333333333333267  0.5166666666666669
0.3866666666666663  0.40333333333333354
0.5799999999999991  0.6000000000000008
0.5799999999999991  0.6000000000000008
0.2899999999999999  0.3
0.5799999999999991  0.6000000000000008
0.5799999999999991  0.6000000000000008
0.3866666666666663  0.40000000000000024
0.48333333333333267  0.5000000000000004
0.5879999999999997  0.6000000000000008
0.48066666666666635  0.5000000000000004
0.40133333333333326  0.3899999999999996
0.5879999999999997  0.5799999999999991
0.5879999999999997  0.5799999999999991
0.29400000000000015  0.2899999999999999
0.5879999999999997  0.5799999999999991
0.5879999999999997  0.5799999999999991
0.38733333333333325  0.3866666666666663
0.49466666666666637  0.48333333333333267
0.5879999999999997  0.5799999999999991
0.48066666666666635  0.48333333333333267
0.40133333333333326  0.3866666666666663
0.5879999999999997  0.5799999999999991
0.5879999999999997  0.5799999999999991
0.29400000000000015  0.2899999999999999
0.5879999999999997  0.5799999999999991
0.5879999999999997  0.5799999999999991
0.38733333333333325  0.3866666666666663
0.49466666666666637  0.48333333333333267
0.5879999999999997  0.5799999999999991
0.48066666666666635  0.48333333333333267
0.40133333333333326  0.3866666666666663
0.5879999999999997  0.5799999999999991
0.5879999999999997  0.5799999999999991
