0.0  0.0
0.2714181303426579  0.0
0.29623410529029254  0.14182844418138535
0.3515928363004976  0.0940654547706805
0.35346764869686786  0.1531467527754029
0.3429596719070404  0.18734226412634244
0.4324090851270157  0.20760993392572333
0.31486059092800656  0.22581294917715128
0.4056852056213666  0.2478578892371996
0.2911183456924097  0.24840048840048837
0.2807599807599808  0.26735387402687516
0.29292929292929304  0.2773572228443448
0.29292929292929304  0.6682463734460276
0.29292929292929304  0.4249867918878064
0.29292929292929304  0.26781073544673545
0.29292929292929304  0.2606344848623502
0.29242424242424253  0.2715850515463917
0.2790378006872852  0.2601775382605449
0.2761904761904761  0.2744407894736842
0.2761904761904761  0.3196950171821306
0.2761904761904761  0.3437500000000001
0.28003848003848014  0.3437500000000001
0.29292929292929304  0.3437500000000001
0.29292929292929304  0.3437500000000001
0.29669122300701256  0.3437500000000001
0.30359737728158787  0.3437500000000001
0.29292929292929304  0.3437500000000001
0.29292929292929304  0.3437500000000001
0.29292929292929304  0.3437500000000001
0.29292929292929304  0.3437500000000001
0.29292929292929304  0.3437500000000001
0.29292929292929304  0.3437500000000001
0.29292929292929304  0.3437500000000001
0.29292929292929304  0.3437500000000001
0.29292929292929304  0.3437500000000001
0.29292929292929304  0.3437500000000001
0.29292929292929304  0.3437500000000001
0.29292929292929304  0.3437500000000001
0.29292929292929304  0.3437500000000001
0.29292929292929304  0.3437500000000001
0.29292929292929304  0.3437500000000001
0.29292929292929304  0.3437500000000001
0.29292929292929304  0.3437500000000001
0.29292929292929304  0.3437500000000001
0.29292929292929304  0.3437500000000001
0.29292929292929304  0.3437500000000001
0.29292929292929304  0.3437500000000001
0.29292929292929304  0.3437500000000001
0.29292929292929304  0.3437500000000001
0.29292929292929304  0.3437500000000001
0.29292929292929304  0.3437500000000001
0.29292929292929304  0.3437500000000001
0.29292929292929304  0.3437500000000001
0.29292929292929304  0.3437500000000001
0.29292929292929304  0.3437500000000001
0.29292929292929304  0.3437500000000001
0.29292929292929304  0.3437500000000001
0.29292929292929304  0.3437500000000001
0.29292929292929304  0.3437500000000001
0.29292929292929304  0.3437500000000001
0.29292929292929304  0.3437500000000001
0.29292929292929304  0.3437500000000001
0.29292929292929304  0.3437500000000001
0.29292929292929304  0.3437500000000001
0.29292929292929304  0.3437500000000001
0.29292929292929304  0.3437500000000001
0.29292929292929304  0.3437500000000001
0.29292929292929304  0.3437500000000001
0.29292929292929304  0.3437500000000001
0.29292929292929304  0.3437500000000001
0.29292929292929304  0.3437500000000001
0.29292929292929304  0.3437500000000001
0.29292929292929304  0.3437500000000001
0.29292929292929304  0.3437500000000001
0.29292929292929304  0.3437500000000001
0.29292929292929304  0.3437500000000001
0.29292929292929304  0.3437500000000001
0.29292929292929304  0.3437500000000001
0.29292929292929304  0.3437500000000001
0.29292929292929304  0.3437500000000001
0.29292929292929304  0.3437500000000001
0.29292929292929304  0.3437500000000001
0.29292929292929304  0.3437500000000001
0.29292929292929304  0.3437500000000001
0.29292929292929304  0.3437500000000001
0.29292929292929304  0.3437500000000001
0.29292929292929304  0.3437500000000001
0.29292929292929304  0.3437500000000001
0.29292929292929304  0.3437500000000001
0.29292929292929304  0.3437500000000001
0.29292929292929304  0.3437500000000001
0.29292929292929304  0.3437500000000001
0.29292929292929304  0.3437500000000001
0.29292929292929304  0.3437500000000001
0.29292929292929304  0.3437500000000001
0.29292929292929304  0.3437500000000001
0.29292929292929304  0.3437500000000001
0.29292929292929304  0.3437500000000001
0.29292929292929304  0.3437500000000001
0.29292929292929304  0.3437500000000001
0.29292929292929304  0.3437500000000001
