0.30000000000000043  0.30000000000000043
0.26971428571428546  0.3432857142857144
0.23900000000000005  0.4839999999999998
0.2069999999999999  0.5334285714285711
0.24328571428571436  0.5930000000000001
0.23271428571428596  0.5888571428571422
0.2244285714285717  0.5787142857142855
0.2114285714285713  0.5624285714285719
0.2091428571428572  0.5828571428571435
0.2178571428571432  0.5611428571428577
0.1964285714285713  0.5614285714285719
0.19942857142857134  0.5614285714285719
0.19471428571428562  0.5614285714285719
0.19485714285714273  0.5614285714285719
0.19228571428571412  0.5614285714285719
0.16242857142857126  0.5604285714285719
0.16499999999999984  0.561571428571428
0.16885714285714268  0.5991428571428576
0.16028571428571423  0.6614285714285723
0.14828571428571413  0.6525714285714287
0.14842857142857127  0.6199999999999999
0.14842857142857127  0.6317142857142849
0.1455714285714284  0.630714285714285
0.1428571428571427  0.6308571428571421
0.1428571428571427  0.6309999999999992
0.1428571428571427  0.6317142857142849
0.1428571428571427  0.6317142857142849
0.1428571428571427  0.6317142857142849
0.1428571428571427  0.6317142857142849
0.1428571428571427  0.6317142857142849
0.1428571428571427  0.6317142857142849
0.1428571428571427  0.6317142857142849
0.1428571428571427  0.6317142857142849
0.1428571428571427  0.6317142857142849
0.1455714285714284  0.6317142857142849
0.1455714285714284  0.6317142857142849
0.14828571428571413  0.6317142857142849
0.1455714285714284  0.6317142857142849
0.1455714285714284  0.6317142857142849
0.1455714285714284  0.6317142857142849
0.1455714285714284  0.6317142857142849
0.1455714285714284  0.6317142857142849
0.1455714285714284  0.6317142857142849
0.1428571428571427  0.6317142857142849
0.1428571428571427  0.6317142857142849
0.1428571428571427  0.6317142857142849
0.1428571428571427  0.6317142857142849
0.1428571428571427  0.6317142857142849
0.1428571428571427  0.6317142857142849
0.1455714285714284  0.6317142857142849
0.1428571428571427  0.6317142857142849
0.1428571428571427  0.6317142857142849
0.1428571428571427  0.6317142857142849
0.1428571428571427  0.6317142857142849
0.1428571428571427  0.6317142857142849
0.1428571428571427  0.6317142857142849
0.1428571428571427  0.6317142857142849
0.1428571428571427  0.6317142857142849
0.1428571428571427  0.6317142857142849
0.1428571428571427  0.6317142857142849
0.1428571428571427  0.6317142857142849
0.1428571428571427  0.6317142857142849
0.1428571428571427  0.6317142857142849
0.1428571428571427  0.6317142857142849
0.1428571428571427  0.6317142857142849
0.14828571428571413  0.6317142857142849
0.151142857142857  0.6317142857142849
0.15685714285714272  0.6317142857142849
0.15685714285714272  0.6317142857142849
0.15985714285714273  0.6317142857142849
0.16271428571428556  0.6317142857142849
0.1855714285714285  0.6317142857142849
0.18542857142857136  0.6317142857142849
0.19114285714285711  0.6317142857142849
0.18828571428571422  0.6317142857142849
0.18542857142857136  0.6317142857142849
0.19071428571428564  0.6317142857142849
0.19342857142857134  0.6317142857142849
0.19342857142857134  0.6317142857142849
0.1905714285714285  0.6317142857142849
0.18214285714285702  0.6317142857142849
0.2707142857142859  0.6317142857142849
0.2792857142857145  0.6317142857142849
0.2792857142857145  0.6317142857142849
0.2792857142857145  0.6317142857142849
0.2792857142857145  0.6317142857142849
0.27942857142857164  0.6317142857142849
0.2792857142857145  0.6317142857142849
0.2792857142857145  0.6317142857142849
0.2707142857142859  0.6317142857142849
0.2707142857142859  0.6317142857142849
0.2707142857142859  0.6317142857142849
0.2707142857142859  0.6317142857142849
0.26785714285714307  0.6317142857142849
0.27342857142857163  0.6317142857142849
0.27414285714285735  0.6317142857142849
0.2790000000000002  0.6317142857142849
0.2832857142857145  0.6317142857142849
0.2832857142857145  0.6317142857142849
0.27757142857142875  0.6317142857142849
0.2774285714285716  0.6317142857142849
