0.25  0.25
0.3210526317082175  0.29649190446318036
0.4693609734291854  0.43513216851776
0.5686807292571961  0.5262721934855863
0.590498176475959  0.5521450420152202
0.6285059478579588  0.5985703595658863
0.6806875368031882  0.6623838836674095
0.700133889300384  0.6874972069223064
0.6953475147691094  0.690097661480994
0.7181010156118587  0.727187752208868
0.734551743327839  0.7588728399202822
0.7123806751351196  0.745823453790287
0.7242244108149084  0.7761763643148484
0.7335893672668582  0.8019452051644957
0.7239358851302341  0.7995578785398085
0.7239587518259312  0.8089197599589927
0.7322498144919362  0.828627138902576
0.7315826448959246  0.8356887486793765
0.7229090364756061  0.8324755547208444
0.7291624570707375  0.848480803420951
0.7364564888980288  0.8629775430246714
0.7239033966771522  0.8509473734682022
0.7310350522185728  0.8635017435590236
0.7374768183948904  0.8746621627952281
0.7314362615990304  0.8695093934549636
0.7308651863130661  0.8716756313909259
0.7356883075476395  0.8806372831856042
0.7355657238853901  0.8829331114383556
0.730330361936932  0.8787497148491422
0.7348450570841119  0.8869979783283497
0.7388517601052763  0.8944083929215222
0.7296099213860259  0.8842474753202443
0.7337159653949105  0.890691215201132
0.7374170604463401  0.8963239024392933
0.7329109138871824  0.8916063360461189
0.7324276264137309  0.891889647589264
0.7357950197345712  0.896627442574752
0.7354906913097653  0.8964700058874286
0.7315500340379022  0.8917156452749386
0.7348535264117145  0.8957975311653273
0.737813844526258  0.8993469575206505
0.7306186907354931  0.8904399954250233
0.7334819679690598  0.8935373414972918
0.7361327798367042  0.896330486363649
0.7324255889299424  0.8915860651995484
0.7318103241732898  0.8905794222225099
0.7342814959465094  0.8931051387020437
0.7337556594003177  0.8919558809662721
0.7305803961705664  0.8875148745291126
0.7332119933121359  0.8898326265835924
0.7358024323452904  0.8920423750614926
0.7300167153361886  0.884638427051335
0.732481198774951  0.8866807957877891
0.7349710990981544  0.8886499052074069
0.7323229904792417  0.8846565203688583
0.7323773498027981  0.8836696968523375
0.734948009340999  0.8855092849093037
0.7348204068181149  0.884460656533248
0.7323378457254025  0.8806682409825949
0.7348075835236344  0.8823585334881863
0.7372526221164983  0.8839957133478695
0.7326237133705297  0.8778739357094354
0.7350595280955833  0.8797258427154188
0.7372838797171051  0.8815149199328917
0.7350127920266469  0.8782241579768508
0.7350644820841823  0.8775592453072664
0.7372564379526716  0.8794381214213016
0.73718211074934  0.878888327357943
0.735012071442096  0.875902307746977
0.7370282709229639  0.8777410703790249
0.7389949984519062  0.8795027100892356
0.7348758299493979  0.8743534308016264
0.7368451562534125  0.8761811431024167
0.73881207814322  0.8779860873492218
0.7368390219606146  0.8752593017854875
0.7368833255370509  0.8747642227206277
0.7389721986284083  0.8763772874990606
0.7391102535453455  0.8758059244649746
0.7373948396300941  0.8731452169547238
0.7394468180014313  0.8745971407362446
0.7414544434921201  0.8759988476445572
0.7380149641714452  0.871400519478537
0.7400772123861952  0.8727785158615172
0.7421062923711327  0.8740669829152375
0.7405808633672656  0.8714795599397638
0.7408751932602545  0.8708102026316061
0.7428824404892678  0.8719862634867711
0.743100246198189  0.871302204975407
0.7416281309641631  0.8688245054440682
0.7435419765354181  0.8699716794740094
0.7454451711865433  0.8710896505049486
0.7423769209905688  0.8669601872512478
0.7442747088708903  0.8681005762166076
0.7461568501036094  0.8692684248396596
0.7447914037646651  0.8670142442663139
0.7450373899099678  0.8664797650020484
0.7468383786286142  0.8675825337447789
0.7470779006322638  0.8670080768881253
0.745781425093057  0.8648032769974235
0.7475504949363484  0.86581730825579
0.749301365649365  0.8668303173718939
