1.0  1.0
0.8966666666666668  0.9688888888888881
0.6711111111111109  0.9688888888888882
0.29666666666666675  0.9055555555555552
0.3222222222222222  0.8644444444444445
0.3511111111111111  0.8300000000000002
0.2611111111111111  0.6988888888888887
0.15777777777777782  0.6688888888888886
0.1222222222222222  0.6811111111111109
0.21111111111111108  0.6811111111111109
0.07555555555555556  0.6811111111111108
0.03333333333333333  0.6699999999999997
0.07444444444444445  0.6266666666666666
0.0977777777777778  0.6266666666666666
0.1322222222222222  0.5955555555555555
0.16000000000000003  0.5955555555555555
0.0977777777777778  0.5955555555555555
0.0977777777777778  0.5955555555555555
0.0977777777777778  0.5955555555555555
0.13111111111111112  0.5955555555555555
0.12777777777777777  0.5955555555555555
0.0977777777777778  0.42888888888888904
0.0977777777777778  0.218888888888889
0.0977777777777778  0.11777777777777781
0.0977777777777778  0.05222222222222227
0.0977777777777778  0.09999999999999994
0.0977777777777778  0.2000000000000001
0.0977777777777778  0.19666666666666677
0.03333333333333333  0.2066666666666668
0.0977777777777778  0.19666666666666677
0.03333333333333333  0.1377777777777778
0.03333333333333333  0.1577777777777777
0.03333333333333333  0.1577777777777777
0.03333333333333333  0.1577777777777777
0.03333333333333333  0.1577777777777777
0.03333333333333333  0.1577777777777777
0.03333333333333333  0.1577777777777777
0.03333333333333333  0.1577777777777777
0.03333333333333333  0.1577777777777777
0.03333333333333333  0.1577777777777777
0.03333333333333333  0.1577777777777777
0.09222222222222219  0.1577777777777777
0.03333333333333333  0.1577777777777777
0.03333333333333333  0.1577777777777777
0.03333333333333333  0.1577777777777777
0.03333333333333333  0.1577777777777777
0.03333333333333333  0.1577777777777777
0.03333333333333333  0.1577777777777777
0.03333333333333333  0.1577777777777777
0.03333333333333333  0.1577777777777777
0.03333333333333333  0.1577777777777777
0.0977777777777778  0.1577777777777777
0.0977777777777778  0.1577777777777777
0.0977777777777778  0.1577777777777777
0.09222222222222219  0.1577777777777777
0.03333333333333333  0.1577777777777777
0.03333333333333333  0.1577777777777777
0.03333333333333333  0.1577777777777777
0.03333333333333333  0.1577777777777777
0.03333333333333333  0.1577777777777777
0.03333333333333333  0.1577777777777777
0.03333333333333333  0.1577777777777777
0.03333333333333333  0.1577777777777777
0.03333333333333333  0.1577777777777777
0.03333333333333333  0.1577777777777777
0.03333333333333333  0.1577777777777777
0.03333333333333333  0.1577777777777777
0.03333333333333333  0.1577777777777777
0.03333333333333333  0.1577777777777777
0.03333333333333333  0.1577777777777777
0.03333333333333333  0.1577777777777777
0.03333333333333333  0.1577777777777777
0.03333333333333333  0.1577777777777777
0.03333333333333333  0.1577777777777777
0.03333333333333333  0.1577777777777777
0.03333333333333333  0.1577777777777777
0.03333333333333333  0.1577777777777777
0.03333333333333333  0.1577777777777777
0.03333333333333333  0.1577777777777777
0.03333333333333333  0.1577777777777777
0.03333333333333333  0.1577777777777777
0.03333333333333333  0.1577777777777777
0.03333333333333333  0.1577777777777777
0.03333333333333333  0.1577777777777777
0.03333333333333333  0.1577777777777777
0.03333333333333333  0.1577777777777777
0.03333333333333333  0.1577777777777777
0.03333333333333333  0.1577777777777777
0.03333333333333333  0.1577777777777777
0.03333333333333333  0.1577777777777777
0.03333333333333333  0.1577777777777777
0.03333333333333333  0.1577777777777777
0.03333333333333333  0.1577777777777777
0.03333333333333333  0.1577777777777777
0.03333333333333333  0.1577777777777777
0.03333333333333333  0.1577777777777777
0.03333333333333333  0.1577777777777777
0.03333333333333333  0.1577777777777777
0.03333333333333333  0.1577777777777777
0.03333333333333333  0.1577777777777777
0.03333333333333333  0.1577777777777777
