0.0  0.0
0.24311605587054982  0.03592365000815704
0.7861778759570139  0.1675399905485949
1.1932506019695097  0.3708322563029468
1.0196813092329045  0.4545111375047473
1.0490491546822764  0.7051248397532601
1.1021492308786924  0.848304012817456
1.083331788145849  0.8059730559666529
0.9839538811671535  0.7010680125073924
1.2580705009276414  0.9435428571428561
1.2801484230055646  0.9430857142857132
0.8651921327080548  0.6550431196100489
1.2556869881710646  0.9357758851572124
1.2556869881710646  0.9362311853875409
0.988068698817105  0.7280723763652521
1.1089285714285697  0.816065766294774
1.232142857142855  0.907519503397366
1.1035714285714282  0.8113829681768598
0.9735449735449746  0.7795250797876068
1.2046600282625128  1.0150862068965518
1.2051643192488264  1.0155952380952382
0.8414634146341469  0.7057318307578104
1.2020905923344962  1.0075902557527492
1.2020905923344962  1.008985761522369
0.9649290018675024  0.8063513057561231
1.0818815331010463  0.9067170524326866
1.2020905923344962  1.0086051690397457
1.0818815331010463  0.9076051015588085
0.9616724738675966  0.8021044882494501
1.2020905923344962  1.047405410341878
1.2020905923344962  1.1113597692799715
0.8363636363636361  0.7984887026784387
1.1948051948051968  1.1603526809168903
1.1948051948051968  1.0539129024169875
0.9508058206853396  0.8640500389092924
1.0688468158347677  1.0217572099262242
1.187607573149741  1.145448051580754
1.0688468158347677  1.0406603103156247
0.9443969204448233  0.9332206255283172
1.180496150556029  1.1665257819103985
1.180496150556029  1.1665257819103985
0.8165680473372775  0.8047015255806459
1.1665257819103985  1.166323312799592
1.1665257819103985  1.114110093719671
0.9332206255283172  0.9332206255283172
1.0498732037193579  1.0557112885790223
1.1665257819103985  1.1455032258958209
1.0498732037193579  1.021195301297514
0.9332206255283172  0.9387755102040809
1.1665257819103985  1.1601215935475993
1.1665257819103985  1.140119760479042
0.8165680473372775  0.8027373823780999
1.1665257819103985  1.1517536355859712
1.1665257819103985  1.1517536355859712
0.9332206255283172  0.9031672194796502
1.0498732037193579  1.0365978344000317
1.1665257819103985  1.1454011190274938
1.0498732037193579  1.0498732037193579
0.9332206255283172  0.9332206255283172
1.1665257819103985  1.1665257819103985
1.1665257819103985  1.1665257819103985
0.8165680473372775  0.8165680473372775
1.1665257819103985  1.1665257819103985
1.1665257819103985  1.1472124944652424
0.9332206255283172  0.9029465040454057
1.0498732037193579  1.0498732037193579
1.1665257819103985  1.1665257819103985
1.0498732037193579  1.0498732037193579
0.9332206255283172  0.9332206255283172
1.1665257819103985  1.1665257819103985
1.1665257819103985  1.1665257819103985
0.8165680473372775  0.8165680473372775
1.1665257819103985  1.1665257819103985
1.1665257819103985  1.1665257819103985
0.9332206255283172  0.9332206255283172
1.0498732037193579  1.0498732037193579
1.1665257819103985  1.1665257819103985
1.0498732037193579  1.0498732037193579
0.9332206255283172  0.9332206255283172
1.1665257819103985  1.1665257819103985
1.1665257819103985  1.1665257819103985
0.8165680473372775  0.8165680473372775
1.1665257819103985  1.1665257819103985
1.1665257819103985  1.1665257819103985
0.9332206255283172  0.9332206255283172
1.0498732037193579  1.0498732037193579
1.1665257819103985  1.1665257819103985
1.0498732037193579  1.0498732037193579
0.9332206255283172  0.9332206255283172
1.1665257819103985  1.1665257819103985
1.1665257819103985  1.1665257819103985
0.8165680473372775  0.8165680473372775
1.1665257819103985  1.1665257819103985
1.1665257819103985  1.1665257819103985
0.9332206255283172  0.9332206255283172
1.0498732037193579  1.0498732037193579
1.1665257819103985  1.1665257819103985
1.0498732037193579  1.0498732037193579
0.9332206255283172  0.9332206255283172
1.1665257819103985  1.1665257819103985
1.1665257819103985  1.1665257819103985
