-1.0  -1.0
0.058386699098141204  0.09958389657532418
-0.002494558507107768  0.3312418047145758
-0.29572823240660645  0.3870528282496723
-0.17842614446231192  0.6970412056514315
-0.04988259010577293  0.8597590980660647
0.028237380619429563  0.931351574183388
0.15972766816492912  0.847408573945124
0.21079299085493794  0.8710814453172117
0.1814709352634157  0.8983402066781366
0.1867708399899066  0.9263947509145212
0.20726926377203414  0.9263947509145212
0.1920436184935202  0.9263947509145212
0.22548368590215512  0.9263947509145212
0.2535002973498188  0.9263947509145212
0.26669905310585723  0.9263947509145212
0.26669905310585723  0.9263947509145212
0.26669905310585723  0.9263947509145212
0.2853664699553707  0.9263947509145212
0.2853664699553707  0.9263947509145212
0.2853664699553707  0.9263947509145212
-0.0891745621409633  0.7122862720119492
-0.20164721370618072  0.4745045295907213
-0.35773688294166295  0.3919339066897668
-0.3857543387173762  0.3675992933985279
-0.476910394486414  0.2711478212475109
-0.49199234502767675  0.2301974213303239
-0.5463199971596171  0.07352869377122505
-0.5793832613386893  0.18478619595087503
-0.6012737929945865  0.24005666746427495
-0.5825802856419001  0.2004459314343183
-0.6041642120629368  0.14071375201644526
-0.5855828330624316  0.14071375201644526
-0.5991850668499621  0.062347968638854945
-0.6287247803029031  0.062347968638854945
-0.6395616578171933  0.062347968638854945
-0.6395616578171933  0.062347968638854945
-0.6395616578171933  0.062347968638854945
-0.6287247803029031  0.062347968638854945
-0.5637035152171621  -0.06579516949597687
-0.5637035152171621  -0.06579516949597687
-0.5637035152171621  -0.06579516949597687
-0.5962141477600327  -0.06579516949597687
-0.5962141477600327  -0.06579516949597687
-0.5962141477600327  -0.06579516949597687
-0.5203560051600015  -0.06579516949597687
-0.5203560051600015  -0.06579516949597687
-0.5203560051600015  -0.06579516949597687
-0.41198723001709975  -0.06579516949597687
-0.42282410753138994  -0.06579516949597687
-0.42374833364680015  -0.06579516949597687
-0.43458521116109033  -0.08032924350870456
-0.4094245177585802  -0.10647163934459256
-0.4368597354439493  -0.10647163934459256
-0.4368597354439493  -0.10647163934459256
-0.4368597354439493  -0.10647163934459256
-0.44741145700169915  -0.10647163934459256
-0.44741145700169915  -0.10647163934459256
-0.44741145700169915  -0.10647163934459256
-0.4483356831171093  -0.10647163934459256
-0.4483356831171093  -0.10647163934459256
-0.4383648894051924  -0.10647163934459256
-0.4296617643013487  -0.10647163934459256
-0.4296617643013487  -0.10647163934459256
-0.4407944137049316  -0.10647163934459256
-0.4306216568669476  -0.10647163934459256
-0.425806380662415  -0.10647163934459256
-0.43303270436246327  -0.10647163934459256
-0.43303270436246327  -0.10647163934459256
-0.35880106299902387  -0.10647163934459256
-0.3708579385180169  -0.10647163934459256
-0.30498626821192987  -0.10647163934459256
-0.30498626821192987  -0.10647163934459256
-0.25394415177106655  -0.10647163934459256
-0.2650768011746493  -0.10647163934459256
-0.2650768011746493  -0.10647163934459256
-0.26415257505923917  -0.10647163934459256
-0.27528522446282205  -0.10647163934459256
-0.28734209998181515  -0.10647163934459256
-0.28734209998181515  -0.10647163934459256
-0.27528522446282205  -0.10647163934459256
-0.22342909893358212  -0.10647163934459256
-0.20950648963469143  -0.10647163934459256
-0.20044062389633113  -0.10647163934459256
-0.20078498458810679  -0.10647163934459256
-0.20779089389983973  -0.10647163934459256
-0.20171538300686867  -0.10647163934459256
-0.21406481949380338  -0.10647163934459256
-0.37109038973012953  -0.10647163934459256
-0.20079404992341568  -0.10647163934459256
-0.19489436425633386  -0.10647163934459256
-0.20513845399469519  -0.10647163934459256
-0.22802045905146798  -0.10647163934459256
-0.02927704001900351  -0.10647163934459256
-0.027800906192249484  -0.10647163934459256
-0.02682677171618735  -0.10647163934459256
-0.024999320391298454  -0.10647163934459256
-0.024999320391298454  -0.10647163934459256
-0.024999320391298454  -0.10647163934459256
-0.02301366563001517  -0.10647163934459256
-0.03146954412155797  -0.10647163934459256
