0.0  0.0
0.5550585146093034  0.34285714285714286
1.1983063353392382  1.2571428571428571
1.3068383522003841  1.1899951266086803
1.004200724259434  0.8627943757705063
1.103788145968348  0.9785489581586563
1.2179831505723728  1.1158991596638665
1.0526627755735112  0.9864201680672272
0.9453001431087996  0.8465332640804328
1.1589685271699057  1.0676623376623375
1.1734693877551008  1.0674675324675322
0.7813609806392484  0.7340225563909768
1.1330049261083743  1.0486036519871105
1.1330049261083743  1.0488050483351232
0.8799671592775035  0.7900688049162711
0.9857142857142849  0.8810928961748626
1.0952380952380942  0.9793793911007023
0.9772893772893777  0.8700036513812288
0.8571428571428571  0.7728322994853579
1.0606750392464679  0.9860360360360354
1.075  0.9862728442728438
0.7340425531914881  0.681082706766917
1.0486322188449824  0.9726917293233082
1.0486322188449824  0.9733533834586467
0.8438979053674  0.7782857142857138
0.9437689969604843  0.875368421052631
1.0486322188449824  0.973172932330827
0.9437689969604843  0.8757894736842099
0.8389057750759862  0.7543508749279441
1.0486322188449824  0.9645894929806632
1.0486322188449824  0.9938471991495841
0.7263157894736856  0.699336536261724
1.037593984962409  1.007587852610248
1.037593984962409  1.0327594484583964
0.8225093984962406  0.813842773329905
0.9241071428571429  0.9151879699248109
1.0267857142857142  1.0051190476190481
0.9241071428571429  0.8899618422814284
0.8129602356406487  0.7965367965367954
1.0162002945508108  0.9956709956709949
1.0162002945508108  0.9956709956709949
0.696969696969696  0.6869246399858636
0.9956709956709949  0.9955817378497782
0.9956709956709949  1.0004462891060841
0.7965367965367954  0.7965367965367954
0.8961038961038947  0.9048549452248451
0.9956709956709949  1.0028364917395518
0.8961038961038947  0.8942697531884617
0.7965367965367954  0.8046647230320716
0.9956709956709949  0.9950752907937856
0.9956709956709949  0.9814432989690705
0.696969696969696  0.6910162002945501
0.9956709956709949  0.9914580265095712
0.9956709956709949  0.9914580265095712
0.7965367965367954  0.7743184300095715
0.8961038961038947  0.8854404099302046
0.9956709956709949  0.9815619754395255
0.8961038961038947  0.8961038961038947
0.7965367965367954  0.7965367965367954
0.9956709956709949  0.9956709956709949
0.9956709956709949  0.9956709956709949
0.696969696969696  0.696969696969696
0.9956709956709949  0.9956709956709949
0.9956709956709949  0.982357098683628
0.7965367965367954  0.773575404187648
0.8961038961038947  0.8961038961038947
0.9956709956709949  0.9956709956709949
0.8961038961038947  0.8961038961038947
0.7965367965367954  0.7965367965367954
0.9956709956709949  0.9956709956709949
0.9956709956709949  0.9956709956709949
0.696969696969696  0.696969696969696
0.9956709956709949  0.9956709956709949
0.9956709956709949  0.9956709956709949
0.7965367965367954  0.7965367965367954
0.8961038961038947  0.8961038961038947
0.9956709956709949  0.9956709956709949
0.8961038961038947  0.8961038961038947
0.7965367965367954  0.7965367965367954
0.9956709956709949  0.9956709956709949
0.9956709956709949  0.9956709956709949
0.696969696969696  0.696969696969696
0.9956709956709949  0.9956709956709949
0.9956709956709949  0.9956709956709949
0.7965367965367954  0.7965367965367954
0.8961038961038947  0.8961038961038947
0.9956709956709949  0.9956709956709949
0.8961038961038947  0.8961038961038947
0.7965367965367954  0.7965367965367954
0.9956709956709949  0.9956709956709949
0.9956709956709949  0.9956709956709949
0.696969696969696  0.696969696969696
0.9956709956709949  0.9956709956709949
0.9956709956709949  0.9956709956709949
0.7965367965367954  0.7965367965367954
0.8961038961038947  0.8961038961038947
0.9956709956709949  0.9956709956709949
0.8961038961038947  0.8961038961038947
0.7965367965367954  0.7965367965367954
0.9956709956709949  0.9956709956709949
0.9956709956709949  0.9956709956709949
