1.0068360805860799  1.0068360805860799
0.6911435330838313  0.6911435330838313
1.0236715249628354  1.0236715249628354
1.0245375352374204  1.0245375352374204
0.8021976033916323  0.8021976033916323
0.931598740190158  0.931598740190158
1.065491903769553  1.065491903769553
0.9580417727716104  0.9580417727716104
0.8427489643441134  0.8427489643441134
1.0378521503954385  1.0378521503954385
1.011696002706508  1.011696002706508
0.6903843276441004  0.6903843276441004
0.9727689491955579  0.9727689491955579
0.9907875400329319  0.9907875400329319
0.7984709040959032  0.7984709040959032
0.8769031085975781  0.8769031085975781
0.9449748426301097  0.9449748426301097
0.8531742577001576  0.8531742577001576
0.7327974668128122  0.7327974668128122
0.908863845815596  0.908863845815596
0.9249369206711648  0.9249369206711648
0.6306436487638534  0.6306436487638534
0.9141152113019114  0.9141152113019114
0.9377167197495987  0.9377167197495987
0.7618222719627464  0.7618222719627464
0.8376293913235165  0.8376293913235165
0.9366718612405135  0.9366718612405135
0.8320013014939915  0.8320013014939915
0.7322616002922909  0.7322616002922909
0.8967082485167982  0.8967082485167982
0.8830198166223008  0.8830198166223008
0.6028785427214371  0.6028785427214371
