0.0  0.0
0.09067411285456398  0.09149565472121862
0.21428571428571427  0.21428571428571427
0.0  0.0
0.0  0.0
0.3357142857142857  0.3357142857142857
0.5714285714285715  0.5714285714285715
1.0  1.0
1.0  1.0
1.0  1.0
1.0  1.0
1.0  1.0
1.0  1.0
0.9910714285714286  0.9910714285714286
0.9275829725829723  0.9275829725829723
0.986695447409733  0.986695447409733
1.0  1.0
0.9958333333333332  0.9958333333333332
1.0  1.0
0.9985569985569985  0.9985569985569985
1.0  1.0
0.9974098834936272  0.9974098834936272
0.9967236467236467  0.9967236467236467
1.0  1.0
1.0  1.0
1.0  1.0
0.9984491881043603  0.9984491881043603
0.9994285714285716  0.9994285714285716
0.9947678067882669  0.9947678067882669
0.99577950310559  0.99577950310559
0.9901494664755532  0.9901494664755532
1.0  1.0
1.0  1.0
1.0  1.0
1.0  1.0
1.0  1.0
1.0  1.0
1.0  1.0
1.0  1.0
1.0  1.0
1.0  1.0
1.0  1.0
1.0  1.0
1.0  1.0
1.0  1.0
1.0  1.0
1.0  1.0
1.0  1.0
1.0  1.0
1.0  1.0
1.0  1.0
1.0  1.0
1.0  1.0
1.0  1.0
1.0  1.0
1.0  1.0
1.0  1.0
1.0  1.0
1.0  1.0
1.0  1.0
1.0  1.0
1.0  1.0
1.0  1.0
1.0  1.0
1.0  1.0
1.0  1.0
1.0  1.0
1.0  1.0
1.0  1.0
1.0  1.0
1.0  1.0
1.0  1.0
1.0  1.0
1.0  1.0
1.0  1.0
1.0  1.0
1.0  1.0
1.0  1.0
1.0  1.0
1.0  1.0
1.0  1.0
1.0  1.0
1.0  1.0
1.0  1.0
1.0  1.0
1.0  1.0
1.0  1.0
1.0  1.0
1.0  1.0
1.0  1.0
1.0  1.0
1.0  1.0
1.0  1.0
1.0  1.0
1.0  1.0
1.0  1.0
1.0  1.0
1.0  1.0
1.0  1.0
1.0  1.0
1.0  1.0
