-1.0  -1.0
-1.0  -1.0
-1.0  -1.0
-1.0  -1.0
-1.0  -1.0
-1.0  -1.0
-1.0  -1.0
-1.0  -1.0
-1.0  -1.0
-1.0  -1.0
-1.0  -1.0
-1.0  -1.0
-1.0  -1.0
-1.0  -1.0
-1.0  -1.0
-1.0  -1.0
-1.0  -1.0
-1.0  -1.0
-1.0  -1.0
-1.0  -1.0
-1.0  -1.0
-0.2285259120506079  -0.23678504481631701
-0.24634702960696922  -0.2411085768602606
-0.28744292118971515  -0.28154458535743676
-0.3141198906621814  -0.30792554932083244
-0.30299246090274734  -0.3091289424266976
-0.21853462685034744  -0.22665832384163417
-0.31643197769107956  -0.3236178887196775
-0.30382804223900156  -0.310701639501174
-0.322911799240555  -0.3172036938250644
-0.28770479464497856  -0.2811989412867504
-0.2376995612110048  -0.2376995612110048
-0.21012706559417055  -0.21012706559417055
-0.2058397208699043  -0.2058397208699043
-0.23212916093778388  -0.23212916093778388
-0.2318581163170372  -0.2318581163170372
-0.2768960888399396  -0.2768960888399396
-0.2575042061594283  -0.2575042061594283
-0.317406339296358  -0.317406339296358
-0.2874705716413933  -0.2874705716413933
-0.2694351338641633  -0.2694351338641633
-0.2554124252492474  -0.2554124252492474
-0.2910001280574011  -0.2910001280574011
-0.2916536329560197  -0.2916536329560197
-0.3173224434431615  -0.3173224434431615
-0.3512144472485376  -0.3512144472485376
-0.334289672333312  -0.334289672333312
-0.30157960769808934  -0.30157960769808934
-0.3526392738166223  -0.3526392738166223
-0.26179984803160816  -0.26179984803160816
-0.28182460601552717  -0.28182460601552717
-0.29633661470802786  -0.29633661470802786
-0.2739997296567675  -0.2739997296567675
-0.3145775583863003  -0.3145775583863003
-0.29958143756573263  -0.29958143756573263
-0.3278818080362083  -0.3278818080362083
-0.2644572408772064  -0.2644572408772064
-0.24530480753525225  -0.24530480753525225
-0.16905488317282816  -0.16905488317282816
-0.17495710938054304  -0.17495710938054304
-0.23882868315969877  -0.23882868315969877
-0.1705852517891997  -0.1705852517891997
-0.18834092552062476  -0.18834092552062476
-0.13613032164712494  -0.13613032164712494
-0.09034607420604053  -0.09034607420604053
-0.03678974100083353  -0.03678974100083353
-0.020953292442059502  -0.020953292442059502
0.07698153981583346  0.07698153981583346
0.08114501568249377  0.08114501568249377
0.07902673379667152  0.07902673379667152
0.07264699754472952  0.07264699754472952
0.09445183895227785  0.09445183895227785
0.1167827236610379  0.1167827236610379
0.11811047946819372  0.11811047946819372
0.1339827595636335  0.1339827595636335
0.16268712858211293  0.16268712858211293
0.17814076789561437  0.17814076789561437
0.25856621423750603  0.25856621423750603
0.2640161631587391  0.2640161631587391
0.2029689873435166  0.2029689873435166
0.1838611953197078  0.1838611953197078
0.19272008527104845  0.19272008527104845
0.19540595163177266  0.19540595163177266
0.1803072344182044  0.1803072344182044
0.23957178427942236  0.23957178427942236
0.21027662098058222  0.21027662098058222
0.2688546815670627  0.2688546815670627
0.2590414092550603  0.2590414092550603
0.26639101910436264  0.26639101910436264
0.28247541007143767  0.28247541007143767
0.25179962550041923  0.25179962550041923
0.26489717574562827  0.26489717574562827
0.22419124867618295  0.22419124867618295
0.19915319678013593  0.19915319678013593
0.21447906700275776  0.21447906700275776
0.2704546509647801  0.2704546509647801
0.23236795987620257  0.23236795987620257
0.2345937430320957  0.2345937430320957
0.2624430629737398  0.2624430629737398
0.21708763855184934  0.21708763855184934
0.2157653167260246  0.2157653167260246
