0.0  0.0
0.4451031595946577  0.32556923599497484
0.29856304560019126  0.29856304560019126
0.30000000000000043  0.30000000000000043
0.30000000000000043  0.30000000000000043
0.3045732152857903  0.3045732152857903
0.3051072657384462  0.3051072657384462
0.3370915316186722  0.3370915316186722
0.3223874352175731  0.3223874352175731
0.35056221197235277  0.35056221197235277
0.33193066476296323  0.33193066476296323
0.34820517397836964  0.34820517397836964
0.35248072455121504  0.35248072455121504
0.3809185582684007  0.3809185582684007
0.41350308775184025  0.41350308775184025
0.4376878914512658  0.4376878914512658
0.3841792847677474  0.3841792847677474
0.4434834100156682  0.4434834100156682
0.43989071827891957  0.43989071827891957
0.5412190243551593  0.5412190243551593
0.5566886708131376  0.5566886708131376
0.6101508100303447  0.6101508100303447
0.6053051698264046  0.6053051698264046
0.6324276396575079  0.6324276396575079
0.5964123005396272  0.5964123005396272
0.5974375646731688  0.5974375646731688
0.6045152736476419  0.6045152736476419
0.5824926712053328  0.5824926712053328
0.5588099202199149  0.5588099202199149
0.5652613965522948  0.5652613965522948
0.5708582890489198  0.5708582890489198
0.5804918864048911  0.5804918864048911
0.611505602218573  0.611505602218573
0.6521836289131068  0.6521836289131068
0.6452672776800759  0.6452672776800759
0.6489935843055264  0.6489935843055264
0.681173607921657  0.681173607921657
0.689857033084217  0.689857033084217
0.6885519776287551  0.6885519776287551
0.654971944316174  0.654971944316174
0.6735114664422464  0.6735114664422464
0.6751017302832227  0.6751017302832227
0.6907425990535669  0.6907425990535669
0.670489941190026  0.670489941190026
0.6906030537420083  0.6906030537420083
0.6843517681093941  0.6843517681093941
0.6819081399032457  0.6819081399032457
0.6787811057321089  0.6787811057321089
0.6461599342285232  0.6461599342285232
0.6471124626932546  0.6471124626932546
0.6704685198821796  0.6704685198821796
0.6583105376679257  0.6583105376679257
0.6553595091452037  0.6553595091452037
0.6482426901563503  0.6482426901563503
0.6675275465119773  0.6675275465119773
0.6766427613576784  0.6766427613576784
0.6877258297258287  0.6877258297258287
0.6782124447717225  0.6782124447717225
0.6719174544276589  0.6719174544276589
0.6652710545694132  0.6652710545694132
0.6675022291685448  0.6675022291685448
0.6666666666666662  0.6666666666666662
0.6740094582930697  0.6740094582930697
0.6657101962488039  0.6657101962488039
0.6791975302907335  0.6791975302907335
0.660195256417379  0.660195256417379
0.6600656352378943  0.6600656352378943
0.653334936660503  0.653334936660503
0.6504298037329814  0.6504298037329814
0.6589531970238888  0.6589531970238888
0.6648666195877996  0.6648666195877996
0.6637088856161018  0.6637088856161018
0.6600558584325416  0.6600558584325416
0.6659308548432937  0.6659308548432937
0.6914273934682088  0.6914273934682088
0.7151959815821431  0.7151959815821431
0.7061125554787457  0.7061125554787457
0.6996688939896558  0.6996688939896558
0.6927345495688432  0.6927345495688432
0.6903061244008989  0.6903061244008989
0.682776601791823  0.682776601791823
0.6580451410045883  0.6580451410045883
0.6666666666666673  0.6666666666666673
0.6784620173935787  0.6784620173935787
0.6632653061224479  0.6632653061224479
0.6833308286495754  0.6833308286495754
0.6615646258503395  0.6615646258503395
0.6648259375714414  0.6648259375714414
0.6857566031812821  0.6857566031812821
0.6935293373608654  0.6935293373608654
0.6825787379976307  0.6825787379976307
0.684633507082486  0.684633507082486
0.6669329221401586  0.6669329221401586
0.6544291157798419  0.6544291157798419
0.6837540718188464  0.6837540718188464
0.7012368583797152  0.7012368583797152
0.6909831384689361  0.6909831384689361
0.6917501352529227  0.6917501352529227
0.6966209652960116  0.6966209652960116
0.6773616663160106  0.6773616663160106
0.6920831955757258  0.6920831955757258
