0.0  0.0
1.0  1.0
2.0  2.0
2.0  2.0
1.3333333333333333  1.3333333333333333
1.6666666666666667  1.6666666666666667
2.0  2.0
1.6666666666666667  1.6666666666666667
1.314444444444444  1.314444444444444
2.0  2.0
2.0  2.0
1.0  1.0
1.9955555555555557  1.9955555555555557
1.951111111111112  1.951111111111112
1.2878160919540227  1.2878160919540227
1.5391297208538572  1.5391297208538572
1.7789627805145034  1.7789627805145034
1.536234263820472  1.536234263820472
1.2430870279146142  1.2430870279146142
1.7941014413428207  1.7941014413428207
1.763242413184941  1.763242413184941
0.8877289377289378  0.8877289377289378
1.7334270931282416  1.7334270931282416
1.6938004575245957  1.6938004575245957
1.2112138295931392  1.2112138295931392
1.415360714636577  1.415360714636577
1.556562764608742  1.556562764608742
1.3658137201240652  1.3658137201240652
1.082557927385513  1.082557927385513
1.7429392446633805  1.7429392446633805
1.6528644407954758  1.6528644407954758
0.7871942234011201  0.7871942234011201
1.5456682525648042  1.5456682525648042
1.454179220524049  1.454179220524049
0.9630273438779181  0.9630273438779181
1.22581245468027  1.22581245468027
1.4350765927577527  1.4350765927577527
1.1863851559068948  1.1863851559068948
0.9271058434966484  0.9271058434966484
1.4753222086555435  1.4753222086555435
1.4749239798090386  1.4749239798090386
0.7298277499426924  0.7298277499426924
1.3914346296530213  1.3914346296530213
1.3198811558811554  1.3198811558811554
0.8491707483661505  0.8491707483661505
1.0860645867542413  1.0860645867542413
1.2903749315818283  1.2903749315818283
1.0370248738064831  1.0370248738064831
0.770114942528735  0.770114942528735
1.1591133004926115  1.1591133004926115
1.2924247400109468  1.2924247400109468
0.6151724137931038  0.6151724137931038
1.1755172413793094  1.1755172413793094
1.1740229885057483  1.1740229885057483
0.8033087027914618  0.8033087027914618
1.0082758620689662  1.0082758620689662
1.261614060694519  1.261614060694519
1.0245484400656821  1.0245484400656821
0.7996223316912977  0.7996223316912977
1.2459770114942528  1.2459770114942528
1.1702490421455933  1.1702490421455933
0.5993173386851546  0.5993173386851546
1.2410153256704979  1.2410153256704979
1.266666666666666  1.266666666666666
0.9224548440065686  0.9224548440065686
1.1510673234811173  1.1510673234811173
1.4302298850574717  1.4302298850574717
1.2351724137931044  1.2351724137931044
0.9624904214559391  0.9624904214559391
1.4710344827586208  1.4710344827586208
1.50752447850149  1.50752447850149
0.7931034482758615  0.7931034482758615
1.520459770114943  1.520459770114943
1.6018853007358758  1.6018853007358758
1.0586115672322565  1.0586115672322565
1.321592775041051  1.321592775041051
1.5301149425287344  1.5301149425287344
1.289162561576354  1.289162561576354
1.0290640394088664  1.0290640394088664
1.5387739463601533  1.5387739463601533
1.5165024630541875  1.5165024630541875
0.758620689655172  0.758620689655172
1.5192528735632176  1.5192528735632176
1.5333333333333323  1.5333333333333323
1.022222222222222  1.022222222222222
1.3112643678160922  1.3112643678160922
1.5788177339901464  1.5788177339901464
1.3095238095238089  1.3095238095238089
1.041798941798942  1.041798941798942
1.584482758620691  1.584482758620691
1.6065103691540477  1.6065103691540477
0.7876847290640394  0.7876847290640394
1.5942528735632167  1.5942528735632167
1.6603448275862083  1.6603448275862083
1.0803448275862073  1.0803448275862073
1.3366666666666667  1.3366666666666667
1.6299999999999981  1.6299999999999981
1.3333333333333328  1.3333333333333328
1.1320689655172416  1.1320689655172416
1.728286808976465  1.728286808976465
1.6160098522167488  1.6160098522167488
