0.0  0.0
0.15308641975308646  0.03768115942028985
0.0  0.0
0.0  0.0
0.008927203065134098  0.008695652173913044
0.15387520525451556  0.15842901060292364
0.08578544061302681  0.07101449275362318
0.07318433375904641  0.05015371102327624
0.10222222222222227  0.0898550724637681
0.055632183908045994  0.07015810276679839
0.052796934865900376  0.06910408432147559
0.04989326765188839  0.06598280946107037
0.09643678160919546  0.1270750988142292
0.14139025725232618  0.17971014492753615
0.16529830322933778  0.21752305665349148
0.13378945447910964  0.1775974025974027
0.10333333333333332  0.1304347826086957
0.13034482758620686  0.17015810276679838
0.1255555555555556  0.12173913043478259
0.06777777777777777  0.08695652173913039
0.08340448823207443  0.09538866930171276
0.5224905420773941  0.5025122141880008
0.49529781039003173  0.5008252227106442
0.460002896079828  0.4658396397816565
0.44299558239828557  0.4490320954760007
0.4242621825669181  0.419794699514744
0.4891276775488403  0.48394352029123383
0.41172825681224334  0.4054297262258826
0.42245979532163713  0.4163307204180663
0.40570189147743224  0.4100381501683744
0.43116696690848305  0.43580307437548343
0.4444349570735351  0.4444349570735351
0.4614992454253915  0.4614992454253915
0.4724632445905428  0.4724632445905428
0.4316630248058819  0.4316630248058819
0.4272104018912527  0.4272104018912527
0.39274694450010034  0.39274694450010034
0.40152205040091654  0.40152205040091654
0.3744919162752638  0.3744919162752638
0.38365135328316485  0.38365135328316485
0.3862018742725667  0.3862018742725667
0.3832782830016014  0.3832782830016014
0.3707473075661588  0.3707473075661588
0.36108362536933947  0.36108362536933947
0.34959323935759895  0.34959323935759895
0.3353951890034364  0.3353951890034364
0.338805002669107  0.338805002669107
0.34493471036452195  0.34493471036452195
0.3170565781722919  0.3170565781722919
0.36345848997726754  0.36345848997726754
0.3493915640164241  0.3493915640164241
0.35183126226589584  0.35183126226589584
0.35980564598782183  0.35980564598782183
0.33616546274867326  0.33616546274867326
0.34293066442702497  0.34293066442702497
0.33449810092240895  0.33449810092240895
0.383116834639791  0.383116834639791
0.3755983337747535  0.3755983337747535
0.40743396032480195  0.40743396032480195
0.4059181517608485  0.4059181517608485
0.3761050333893886  0.3761050333893886
0.40711830941084  0.40711830941084
0.3778362573099417  0.3778362573099417
0.3970239954776039  0.3970239954776039
0.4082269503546099  0.4082269503546099
0.4436795446061966  0.4436795446061966
0.4509553907473644  0.4509553907473644
0.485180475783373  0.485180475783373
0.4972074892988486  0.4972074892988486
0.49584407216494863  0.49584407216494863
0.4934782180574608  0.4934782180574608
0.48679935941432184  0.48679935941432184
0.5059335199246834  0.5059335199246834
0.5045614035087718  0.5045614035087718
0.5156537499246397  0.5156537499246397
0.5321052631578949  0.5321052631578949
0.5437583280734973  0.5437583280734973
0.5791849415204681  0.5791849415204681
0.5758310703947956  0.5758310703947956
0.5477546344998478  0.5477546344998478
0.5328178694158076  0.5328178694158076
0.5415204128267359  0.5415204128267359
0.5431692264534678  0.5431692264534678
0.5290080126604427  0.5290080126604427
0.5747258771929822  0.5747258771929822
0.5500000000000003  0.5500000000000003
0.5843434343434346  0.5843434343434346
0.5757221914070217  0.5757221914070217
0.5808518596442013  0.5808518596442013
0.5927876846875376  0.5927876846875376
0.5840521775720598  0.5840521775720598
0.5791318317886024  0.5791318317886024
0.5614173504453329  0.5614173504453329
0.5421472952400784  0.5421472952400784
0.5462280701754385  0.5462280701754385
0.5828318956448555  0.5828318956448555
0.5681577681577681  0.5681577681577681
0.5688916106756249  0.5688916106756249
0.5878513021370166  0.5878513021370166
0.5559712773998486  0.5559712773998486
0.5531383687495613  0.5531383687495613
