-1.0  -1.0
-1.0  -1.0
-1.0  -1.0
-1.0  -1.0
-1.0  -1.0
-1.0  -1.0
-1.0  -1.0
-1.0  -1.0
-1.0  -1.0
-1.0  -1.0
-1.0  -1.0
-1.0  -1.0
-1.0  -1.0
-1.0  -1.0
-1.0  -1.0
-1.0  -1.0
-1.0  -1.0
-1.0  -1.0
-1.0  -1.0
-1.0  -1.0
-1.0  -1.0
0.16010742052772065  0.13500880771746637
0.14845494542449536  0.12599458108557832
0.05307750176995114  0.05307750176995114
0.009459809710232072  0.009459809710232072
0.0803696225241659  0.0803696225241659
0.04292914362514011  0.04292914362514011
0.0574184673611399  0.0574184673611399
0.17537493740193336  0.17537493740193336
0.085785095062898  0.085785095062898
0.15212362115561606  0.15212362115561606
0.13330782133333313  0.13330782133333313
0.14997442184333074  0.14997442184333074
0.21018642680634533  0.21018642680634533
0.13968616394160477  0.13968616394160477
0.17757905557142178  0.17757905557142178
0.1610862851918332  0.1610862851918332
0.13230737411902196  0.13230737411902196
0.12876356802673608  0.12876356802673608
0.19329370646679164  0.19329370646679164
0.2250660342925525  0.2250660342925525
0.28727260502998625  0.28727260502998625
0.3132659038566946  0.3132659038566946
0.22924993669363591  0.22924993669363591
0.2830646932542601  0.2830646932542601
0.21928648155360478  0.21928648155360478
0.2935189185399068  0.2935189185399068
0.3020823844012363  0.3020823844012363
0.3477955551965392  0.3477955551965392
0.29830181232868025  0.29830181232868025
0.30130328836088177  0.30130328836088177
0.37121485836992424  0.37121485836992424
0.32851002408573265  0.32851002408573265
0.32615429343108754  0.32615429343108754
0.3319896421115687  0.3319896421115687
0.39124729266570224  0.39124729266570224
0.37251409038742084  0.37251409038742084
0.38886616950026553  0.38886616950026553
0.3726744083901207  0.3726744083901207
0.33647385422949994  0.33647385422949994
0.37188616421010584  0.37188616421010584
0.344251928037619  0.344251928037619
0.35976713304941726  0.35976713304941726
0.3927535296940678  0.3927535296940678
0.42144296888942445  0.42144296888942445
0.4359638675176673  0.4359638675176673
0.4263149906844591  0.4263149906844591
0.4409002938969353  0.4409002938969353
0.4244600636285083  0.4244600636285083
0.48468588679338903  0.48468588679338903
0.5075695624855594  0.5075695624855594
0.519694541146911  0.519694541146911
0.5296351964106257  0.5296351964106257
0.5231159452807402  0.5231159452807402
0.5298061320763898  0.5298061320763898
0.5591477479364363  0.5591477479364363
0.5072882949988905  0.5072882949988905
0.504455154879212  0.504455154879212
0.4935034536196832  0.4935034536196832
0.49096213782133485  0.49096213782133485
0.4777457076612093  0.4777457076612093
0.4678782855556047  0.4678782855556047
0.4807900250492877  0.4807900250492877
0.5039748563253419  0.5039748563253419
0.515091619997634  0.515091619997634
0.5994888207468829  0.5994888207468829
0.5701201802903252  0.5701201802903252
0.5692252360505772  0.5692252360505772
0.5683082066075099  0.5683082066075099
0.5843140559317627  0.5843140559317627
0.6017385435282275  0.6017385435282275
0.6245229264158006  0.6245229264158006
0.6265964774663496  0.6265964774663496
0.604820553439806  0.604820553439806
0.6037141975798329  0.6037141975798329
0.6479921964289828  0.6479921964289828
0.6340926247937103  0.6340926247937103
0.6426116040355728  0.6426116040355728
0.6357270595739785  0.6357270595739785
0.6656711308774026  0.6656711308774026
0.6652387519072265  0.6652387519072265
