0.0  0.0
0.9857142857142858  0.9571428571428572
0.9566295126511849  0.9556090712562146
0.9989707187222714  0.9989556692242114
0.8901517894554075  0.8884664893033363
0.7151500776453461  0.7150954328366029
0.7766171110194283  0.7766171110194283
0.7900265968691395  0.7900265968691395
0.8587747304371771  0.8587747304371771
0.8493980412384573  0.8493980412384573
0.8599968112729691  0.8599968112729691
0.8029881933986408  0.8029881933986408
0.7459716852347689  0.7459716852347689
0.7139119315284488  0.7139119315284488
0.7510273313051743  0.7510273313051743
0.7516359854312948  0.7516359854312948
0.6891556029528332  0.6891556029528332
0.7114465260868471  0.7114465260868471
0.7028683125478554  0.7028683125478554
0.6577869694947627  0.6577869694947627
0.6392695510518167  0.6392695510518167
0.6345888295594019  0.6345888295594019
0.5575714340897617  0.5575714340897617
0.598473674408705  0.598473674408705
0.5700781805259408  0.5700781805259408
0.6522534416125281  0.6522534416125281
0.6532032939815454  0.6532032939815454
0.5978860971118437  0.5978860971118437
0.5443732873629191  0.5443732873629191
0.6276254645838951  0.6276254645838951
0.5663535699740709  0.5663535699740709
0.5720634587384601  0.5720634587384601
0.600644029660711  0.600644029660711
0.5972834493953321  0.5972834493953321
0.6131384025499764  0.6131384025499764
0.607664042132875  0.607664042132875
0.6337924473256764  0.6337924473256764
0.6221017715091459  0.6221017715091459
0.5992819515866045  0.5992819515866045
0.6027495163919186  0.6027495163919186
0.5853664621921548  0.5853664621921548
0.6163317805986813  0.6163317805986813
0.6164492662736731  0.6164492662736731
0.641248588987834  0.641248588987834
0.618711789476572  0.618711789476572
0.6238462224604313  0.6238462224604313
0.6067383215453601  0.6067383215453601
0.5940209000832352  0.5940209000832352
0.5412415284452166  0.5412415284452166
0.5584522896528092  0.5584522896528092
0.5566369238528271  0.5566369238528271
0.5121723316192147  0.5121723316192147
0.5156003463905136  0.5156003463905136
0.5261004451703997  0.5261004451703997
0.5152055604850635  0.5152055604850635
0.4868209645960913  0.4868209645960913
0.49606110307602813  0.49606110307602813
0.49123566906557375  0.49123566906557375
0.5058020286934718  0.5058020286934718
0.5465555626581541  0.5465555626581541
0.5151550532800536  0.5151550532800536
0.5234746406651593  0.5234746406651593
0.5260592854105467  0.5260592854105467
0.5313071598799212  0.5313071598799212
0.4921485011915216  0.4921485011915216
0.4735983945817126  0.4735983945817126
0.5233359400584654  0.5233359400584654
0.5077764524033179  0.5077764524033179
0.49109586930482435  0.49109586930482435
0.4552019315188765  0.4552019315188765
0.42425686692587466  0.42425686692587466
0.40934221839287244  0.40934221839287244
0.3909754661111685  0.3909754661111685
0.4027329192546577  0.4027329192546577
0.397876739628658  0.397876739628658
0.37975059766104513  0.37975059766104513
0.38352210449397134  0.38352210449397134
0.3895773234667006  0.3895773234667006
0.4038754858913656  0.4038754858913656
0.4022706368843331  0.4022706368843331
0.41563139383805836  0.41563139383805836
0.4292324810103565  0.4292324810103565
0.4152391082724707  0.4152391082724707
0.3939924503357338  0.3939924503357338
0.38150505322680167  0.38150505322680167
0.35612844866576177  0.35612844866576177
0.3533627069447962  0.3533627069447962
0.3491496687392209  0.3491496687392209
0.3546028452086392  0.3546028452086392
0.335505428647773  0.335505428647773
0.31917500410037725  0.31917500410037725
0.28789792360811967  0.28789792360811967
0.28931640498804695  0.28931640498804695
0.315399445082281  0.315399445082281
0.3160231807993001  0.3160231807993001
0.301804861804862  0.301804861804862
0.31477030432254366  0.31477030432254366
0.30670026490922037  0.30670026490922037
0.3108208955223879  0.3108208955223879
0.2795246456791672  0.2795246456791672
0.27996125033877467  0.27996125033877467
