0.0  0.0
0.023809523809523808  0.04285714285714286
0.0  0.0
0.0  0.0
0.0  0.0
0.009064039408866994  0.009064039408866994
0.024285714285714313  0.024285714285714313
0.0  0.0
0.0  0.0
0.0  0.0
0.0  0.0
0.0  0.0
0.0  0.0
0.0023809523809523807  0.0023809523809523807
0.026666666666666703  0.026666666666666703
0.005714285714285713  0.005714285714285713
0.0  0.0
0.0014285714285714286  0.0014285714285714286
0.0  0.0
9.523809523809524E-4  9.523809523809524E-4
0.0  0.0
0.0023809523809523807  0.0023809523809523807
0.0028571428571428567  0.0028571428571428567
0.0  0.0
0.0  0.0
0.0  0.0
0.0014285714285714286  0.0014285714285714286
4.761904761904762E-4  4.761904761904762E-4
0.003333333333333333  0.003333333333333333
0.003333333333333333  0.003333333333333333
0.008095238095238095  0.008095238095238095
0.0  0.0
0.0  0.0
0.0  0.0
0.0  0.0
0.0  0.0
0.0  0.0
0.0  0.0
0.0  0.0
0.0  0.0
0.0  0.0
0.0  0.0
0.0  0.0
0.0  0.0
0.0  0.0
0.0  0.0
0.0  0.0
0.0  0.0
0.0  0.0
0.0  0.0
0.0  0.0
0.0  0.0
0.0  0.0
0.0  0.0
0.0  0.0
0.0  0.0
0.0  0.0
0.0  0.0
0.0  0.0
0.0  0.0
0.0  0.0
0.0  0.0
0.0  0.0
0.0  0.0
0.0  0.0
0.0  0.0
0.0  0.0
0.0  0.0
0.0  0.0
0.0  0.0
0.0  0.0
0.0  0.0
0.0  0.0
0.0  0.0
0.0  0.0
0.0  0.0
0.0  0.0
0.0  0.0
0.0  0.0
0.0  0.0
0.0  0.0
0.0  0.0
0.0  0.0
0.0  0.0
0.0  0.0
0.0  0.0
0.0  0.0
0.0  0.0
0.0  0.0
0.0  0.0
0.0  0.0
0.0  0.0
0.0  0.0
0.0  0.0
0.0  0.0
0.0  0.0
0.0  0.0
0.0  0.0
0.0  0.0
0.0  0.0
0.0  0.0
