0.0  0.0
0.7370547832015006  0.7227495817918761
1.372680166854734  1.353516986046675
1.3777591425126148  1.3713142282361725
0.9256161616161608  0.9214801071943922
1.1658936301793439  1.1608135850403882
1.3798261526832951  1.373497723571362
1.1232511382143189  1.1185081715181129
0.8627004668745364  0.8577543115733862
1.2554427940835493  1.2476941516554205
1.2909926114622865  1.286545477818385
0.6587765358802277  0.6621430612598328
1.2670474844790658  1.2606296902557295
1.1395152140689035  1.1349822370195792
0.7196344376036531  0.7196344376036531
0.9216713455394956  0.9216713455394956
1.1298526849540027  1.1298526849540027
1.032665662156273  1.032665662156273
0.7747744577108747  0.7747744577108747
1.1854629145319797  1.1854629145319797
1.2396709027292019  1.2396709027292019
0.6048620594968906  0.6048620594968906
1.1948859434461403  1.1948859434461403
1.231900230936258  1.231900230936258
0.7881158210898015  0.7881158210898015
1.0073097182077548  1.0073097182077548
1.2527310577895432  1.2527310577895432
1.0438016474065182  1.0438016474065182
0.79336262269162  0.79336262269162
1.1872758138813109  1.1872758138813109
1.1868778251248095  1.1868778251248095
0.5741576531031096  0.5741576531031096
1.2206298927497563  1.2206298927497563
1.2062364387289426  1.2062364387289426
0.8472579327850321  0.8472579327850321
1.0586689402996474  1.0586689402996474
1.2705971063569905  1.2705971063569905
1.054371289974376  1.054371289974376
0.8152547413744661  0.8152547413744661
1.2214348586242243  1.2214348586242243
1.1840363980643813  1.1840363980643813
0.5937233840000097  0.5937233840000097
1.2191909393925227  1.2191909393925227
1.2760552948412558  1.2760552948412558
0.8390442816663654  0.8390442816663654
1.0278272282046212  1.0278272282046212
1.2357602052327763  1.2357602052327763
1.0441681525686712  1.0441681525686712
0.8535923793655754  0.8535923793655754
1.3025595676414912  1.3025595676414912
1.2695660405159648  1.2695660405159648
0.6438191438191438  0.6438191438191438
1.2850862365148075  1.2850862365148075
1.2978821548821537  1.2978821548821537
0.8546637806637811  0.8546637806637811
1.099998909071075  1.099998909071075
1.3107490030690165  1.3107490030690165
1.1116908619117756  1.1116908619117756
0.8858231292517007  0.8858231292517007
1.326103970485414  1.326103970485414
1.3225454891216752  1.3225454891216752
0.6928914778970005  0.6928914778970005
1.3571184573485753  1.3571184573485753
1.3397979797979809  1.3397979797979809
0.8867368899033115  0.8867368899033115
1.1487253487253486  1.1487253487253486
1.3672961319485628  1.3672961319485628
1.1020336700336708  1.1020336700336708
0.8958888888888897  0.8958888888888897
1.3525981407454164  1.3525981407454164
1.3408677560371227  1.3408677560371227
0.6597938144329897  0.6597938144329897
1.3369649578044271  1.3369649578044271
1.2987091618903113  1.2987091618903113
0.8924094723800178  0.8924094723800178
1.0911358482787057  1.0911358482787057
1.3026262626262612  1.3026262626262612
1.0897491926063358  1.0897491926063358
0.8651236752120404  0.8651236752120404
1.288231985327714  1.288231985327714
1.323233349697267  1.323233349697267
0.65625  0.65625
1.3221381578947358  1.3221381578947358
1.319999999999999  1.319999999999999
0.8749831649831658  0.8749831649831658
1.0858792001649151  1.0858792001649151
1.313687899402184  1.313687899402184
1.0996563573883167  1.0996563573883167
0.8882121233373075  0.8882121233373075
1.3185597471311754  1.3185597471311754
1.3159121547192245  1.3159121547192245
0.6579984571148046  0.6579984571148046
1.2967274788703371  1.2967274788703371
1.2880420531849106  1.2880420531849106
0.8498484848484853  0.8498484848484853
1.0701818181818188  1.0701818181818188
1.2801381158524012  1.2801381158524012
1.077441077441078  1.077441077441078
0.8443539823510365  0.8443539823510365
1.2563496668062208  1.2563496668062208
1.309327003997475  1.309327003997475
