0.0  0.0
0.0  0.0
0.0433704873488154  0.04439092874378516
0.0010292812777284825  0.0010443307757885764
0.10984821054459278  0.11153351069666298
0.2848499223546539  0.28490456716339707
0.2233828889805718  0.2233828889805718
0.20997340313086005  0.20997340313086005
0.1412252695628228  0.1412252695628228
0.15060195876154245  0.15060195876154245
0.140003188727031  0.140003188727031
0.1970118066013587  0.1970118066013587
0.25402831476523113  0.25402831476523113
0.28608806847155116  0.28608806847155116
0.24897266869482548  0.24897266869482548
0.24836401456870538  0.24836401456870538
0.31084439704716715  0.31084439704716715
0.28855347391315306  0.28855347391315306
0.29713168745214374  0.29713168745214374
0.34221303050523744  0.34221303050523744
0.3607304489481834  0.3607304489481834
0.488753957855196  0.47419424799006954
0.5243148402006027  0.5188091096645021
0.47731612588366495  0.47731612588366495
0.47479609929077965  0.47479609929077965
0.453206174349555  0.453206174349555
0.447042021649933  0.447042021649933
0.48135576501020544  0.48135576501020544
0.5378958008243869  0.5378958008243869
0.4751586248840821  0.4751586248840821
0.5196135479966468  0.5196135479966468
0.5103354463285877  0.5103354463285877
0.5050670549069535  0.5050670549069535
0.5257060308039195  0.5257060308039195
0.49892886681577153  0.49892886681577153
0.5125398707407349  0.5125398707407349
0.4955107124893436  0.4955107124893436
0.4921664341265533  0.4921664341265533
0.5026284151363054  0.5026284151363054
0.522703586598087  0.522703586598087
0.5397037300798403  0.5397037300798403
0.5434648081385886  0.5434648081385886
0.543972431077694  0.543972431077694
0.5147110095879297  0.5147110095879297
0.5345584091964878  0.5345584091964878
0.5177860102178954  0.5177860102178954
0.5477269008196839  0.5477269008196839
0.5567280578750008  0.5567280578750008
0.5948473896185872  0.5948473896185872
0.5716037531471733  0.5716037531471733
0.5743361064257149  0.5743361064257149
0.6147981725827292  0.6147981725827292
0.5991932064065626  0.5991932064065626
0.595180662238349  0.595180662238349
0.5994043643431398  0.5994043643431398
0.631782949266643  0.631782949266643
0.6222177123792563  0.6222177123792563
0.6298559697183984  0.6298559697183984
0.6164358614073314  0.6164358614073314
0.591306872803333  0.591306872803333
0.6159196861835442  0.6159196861835442
0.6003463124979884  0.6003463124979884
0.6050466725048572  0.6050466725048572
0.6141388862318113  0.6141388862318113
0.6389047518860277  0.6389047518860277
0.6515283580295156  0.6515283580295156
0.6230066372142221  0.6230066372142221
0.636407846909443  0.636407846909443
0.6415767834534793  0.6415767834534793
0.6746836584412845  0.6746836584412845
0.6950114213579388  0.6950114213579388
0.7053026189276976  0.7053026189276976
0.7152116968200233  0.7152116968200233
0.7086190476190474  0.7086190476190474
0.7137833373408274  0.7137833373408274
0.72985119047619  0.72985119047619
0.7120799246105372  0.7120799246105372
0.709287367376996  0.709287367376996
0.7000986852491514  0.7000986852491514
0.6991866352579331  0.6991866352579331
0.6888430413305128  0.6888430413305128
0.6802166972871965  0.6802166972871965
0.6907075940014541  0.6907075940014541
0.7082737720727573  0.7082737720727573
0.7171849241733566  0.7171849241733566
0.7543691703485511  0.7543691703485511
0.7462343035423605  0.7462343035423605
0.7474519880942763  0.7474519880942763
0.7448921671024815  0.7448921671024815
0.7578102775675355  0.7578102775675355
0.7705971274836564  0.7705971274836564
0.7894986807147545  0.7894986807147545
0.7900527736867935  0.7900527736867935
0.7730575403468093  0.7730575403468093
0.7723625914011839  0.7723625914011839
0.792619047619047  0.792619047619047
0.7824201256349366  0.7824201256349366
0.7887272950417271  0.7887272950417271
0.7842520513359975  0.7842520513359975
0.8067446124252353  0.8067446124252353
0.8064514576468523  0.8064514576468523
