0.0  0.0
0.0  0.0
0.0  0.0
0.0  0.0
0.0  0.0
0.0  0.0
0.0  0.0
0.0  0.0
0.0  0.0
0.0  0.0
0.0  0.0
0.0  0.0
0.0  0.0
0.0  0.0
0.0  0.0
0.0  0.0
0.0  0.0
0.0  0.0
0.0  0.0
0.0  0.0
0.0  0.0
0.26326564900153604  0.2640800865800867
0.3066859764015939  0.30174283515726924
0.3661507867903294  0.36036156060481805
0.3809619969202157  0.3748704889255524
0.4377314814814815  0.4463862179487181
0.3423636958919215  0.3525851000851002
0.458573717948718  0.4658068783068784
0.4445765345765347  0.4514983974358974
0.47319289334214715  0.4649912587412588
0.43527777777777793  0.42636088709677433
0.443900543900544  0.443900543900544
0.4285609249788354  0.4285609249788354
0.3990625000000002  0.3990625000000002
0.4856028498355862  0.4856028498355862
0.49108026302056146  0.49108026302056146
0.537184513142174  0.537184513142174
0.5340419116538523  0.5340419116538523
0.5594629156010229  0.5594629156010229
0.5584886128364388  0.5584886128364388
0.564151747655584  0.564151747655584
0.5825624282433982  0.5825624282433982
0.5845410628019325  0.5845410628019325
0.6086956521739135  0.6086956521739135
0.6161252560725782  0.6161252560725782
0.6241000877963127  0.6241000877963127
0.629715061058345  0.629715061058345
0.642112964588821  0.642112964588821
0.6716802641802642  0.6716802641802642
0.6283816425120775  0.6283816425120775
0.6508653846153846  0.6508653846153846
0.6289262820512821  0.6289262820512821
0.6281803105683703  0.6281803105683703
0.6529647160616354  0.6529647160616354
0.6516171328671329  0.6516171328671329
0.645654082528534  0.645654082528534
0.5762187281063491  0.5762187281063491
0.60958842152872  0.60958842152872
0.5905765291191102  0.5905765291191102
0.5907051282051282  0.5907051282051282
0.6146743998368227  0.6146743998368227
0.591818181818182  0.591818181818182
0.650599941469125  0.650599941469125
0.6426846100759143  0.6426846100759143
0.647380743342113  0.647380743342113
0.6029411764705883  0.6029411764705883
0.6017760727479398  0.6017760727479398
0.5880011706175007  0.5880011706175007
0.5611801242236024  0.5611801242236024
0.5677109974424553  0.5677109974424553
0.5745673076923077  0.5745673076923077
0.5970149253731343  0.5970149253731343
0.5714285714285713  0.5714285714285713
0.5735294117647062  0.5735294117647062
0.5567149758454105  0.5567149758454105
0.5441176470588238  0.5441176470588238
0.5328218243819266  0.5328218243819266
0.5077041264266902  0.5077041264266902
0.5220202020202019  0.5220202020202019
0.5418146904013604  0.5418146904013604
0.5642522680714076  0.5642522680714076
0.5564730219764787  0.5564730219764787
0.5451899648027064  0.5451899648027064
0.5670746559493361  0.5670746559493361
0.5129137529137532  0.5129137529137532
0.5428571428571428  0.5428571428571428
0.5028985507246376  0.5028985507246376
0.517988064791134  0.517988064791134
0.5137401229148378  0.5137401229148378
0.4987634292306583  0.4987634292306583
0.4982587064676617  0.4982587064676617
0.5134697357203754  0.5134697357203754
0.5294117647058824  0.5294117647058824
0.5572361975289791  0.5572361975289791
0.5522388059701488  0.5522388059701488
0.5072463768115939  0.5072463768115939
0.5186913895993183  0.5186913895993183
0.5234887334887335  0.5234887334887335
0.4927536231884061  0.4927536231884061
0.535549872122762  0.535549872122762
0.5432104184957568  0.5432104184957568
