0.25  0.25
0.34136978809104496  0.33249114977243555
0.3695975690501738  0.38148642221930246
0.37584241218720826  0.4012997158152628
0.38475201460284303  0.3995265452302331
0.38934672019135524  0.3958551545475961
0.3925157834962844  0.3912118520034646
0.39902170073737486  0.385875835763098
0.4054731232442733  0.3789670637435286
0.4091005033947173  0.37305927225117114
0.4104054535677105  0.36887610473528665
0.41149308228291803  0.3660688563233811
0.4126034769506823  0.36373287004275917
0.4132816617928021  0.3614327433677035
0.4131051442615136  0.359261381331636
0.41330504886948  0.3573408786012167
0.413656938538  0.3555011174007141
0.41433608742880507  0.3542156695449241
0.41530341623726624  0.35308721760179196
0.41626374648905123  0.3521150119946924
0.4172979275549282  0.35118556875027795
0.41868533238173683  0.3503514026979042
0.4196059991072094  0.3494060580123901
0.42061093630862134  0.3482658806380193
0.42217556008974816  0.34710983043308247
0.4238119142069988  0.3459072314756201
0.4249374876894248  0.3448445415967888
0.4260880168677436  0.3440380368055748
0.42722418959271397  0.343270287758037
0.42831514485344147  0.3425892501769674
0.42918657945098887  0.34185026532553614
0.429756032129964  0.34116361889532015
0.4302394409684737  0.3406123704026039
0.4308845478277961  0.34011955799467747
0.4314481241003566  0.3397313037962887
0.4318361131580965  0.3394739244607339
0.4320160326954675  0.33921740228306785
0.43226393060190615  0.3390506780592648
0.4325172184528576  0.33896664771905716
0.4324871341989691  0.3388690731773027
0.4324118810778623  0.33879172120842016
0.43224944427327266  0.33871061057059587
0.4321376989638297  0.33860843643061395
0.4321347275607256  0.33847340158649597
0.43233545682009505  0.3382557783969635
0.43250883562962106  0.33805962978432225
0.43274883254250124  0.3378686257892167
0.4331290871218375  0.33767804367600235
0.433562158034326  0.33751491416317997
0.4339426719673305  0.33729151067144586
0.4342758422867032  0.3370605161385723
0.4346307557342655  0.3368774508057128
0.43494499068032316  0.33670128053506737
0.4351380415755263  0.33651096534996716
0.4353913443099793  0.33629053326326624
0.43569837802616795  0.33608674373560843
0.4360472490728234  0.33587565435215216
0.43634186508868644  0.335667484559819
0.4366169932036203  0.3354595401925008
0.4368737773484446  0.335255961975699
0.43711255908353525  0.33501711366133213
0.43742366099721625  0.3347851689672714
0.43779892869633513  0.33456949711820144
0.43816865114437803  0.33436311493149284
0.4384930057711158  0.33417122077543043
0.4388462741833927  0.3339703263195978
0.4391543037453302  0.3337754250765014
0.439473160040108  0.3335831964233588
0.4397896383885067  0.3333907321274419
0.4400944794795123  0.33318503720770043
0.4404249126873364  0.33299435926093185
0.44074249970464047  0.3328207922269376
0.44105845630254875  0.3326612042636055
0.44142318681022086  0.33250471885367733
0.4418507713293121  0.3323494620463131
0.4422832083357134  0.33219461546128354
0.44276084090172557  0.3320417409472197
0.44319212332314156  0.33188857197213056
0.44359465600198517  0.3317233590317479
0.44396373023528174  0.33155956600269854
0.44435558248047236  0.3314054391888505
0.4447607105093772  0.3312458946129321
0.4451245708286035  0.33107782802540536
0.4454912158343953  0.3309093068169577
0.445827800517934  0.3307447166215279
0.4461259890135089  0.3305782491734387
0.4464130581087356  0.33041582438753503
0.4466652792049505  0.3302580754236851
0.4468952063325824  0.330103431487535
0.4471374675140129  0.3299500796120657
0.44736923032372305  0.32981372200908604
0.4476066081180366  0.3296888206270051
0.44788720233241397  0.32957371966258964
0.4481717966777533  0.32945827411554973
0.44845986736736465  0.32935314109350416
0.4487779483691163  0.32923480024717855
0.4490796242009858  0.32910323784977624
0.4494088951365281  0.3289709331170421
0.44972601030689263  0.32884635735537104
0.45000764478335964  0.32874153178823173
0.45030409222637363  0.32863493169942026
