0.0  0.0
0.0  0.0
0.03142796872847499  0.03190611813259445
0.011197074058248753  0.011370963626681184
0.008571428571428572  0.008695652173913045
0.0  0.0
0.02015182884748102  0.020446149474282464
0.05218369848480163  0.05280042089791296
0.09351828322579982  0.09495930371533974
0.18326616964361747  0.18603906117295044
0.12505940864960985  0.12607112769278292
0.04586952986206716  0.0377525487505326
0.16640853049983853  0.1683199858806202
0.37007230041613765  0.3727923792715326
0.31507046910179887  0.31507046910179887
0.3976545073178279  0.3976545073178279
0.4696328873757585  0.4696328873757585
0.24697553300275  0.24697553300275
0.26029304766564765  0.26029304766564765
0.4013923091113229  0.4013923091113229
0.3327107583835454  0.3327107583835454
0.18587521498811824  0.18587521498811824
0.4210747634271557  0.4210747634271557
0.3947189324186689  0.3947189324186689
0.26607775275370815  0.26607775275370815
0.35281838101416696  0.35281838101416696
0.4066406780564892  0.4066406780564892
0.3219563944980977  0.3219563944980977
0.30690956994636803  0.30690956994636803
0.412822484315022  0.412822484315022
0.46335575860139677  0.46335575860139677
0.2794117647058823  0.2794117647058823
0.46966680778853903  0.46966680778853903
0.5306379923215825  0.5306379923215825
0.30610644257703074  0.30610644257703074
0.37082114008956796  0.37082114008956796
0.4643790849673203  0.4643790849673203
0.4166666666666667  0.4166666666666667
0.3546238785369221  0.3546238785369221
0.5013356067064503  0.5013356067064503
0.5491511387163565  0.5491511387163565
0.2753623188405798  0.2753623188405798
0.537336093857832  0.537336093857832
0.49275362318840615  0.49275362318840615
0.3509027751269231  0.3509027751269231
0.4530425603077057  0.4530425603077057
0.5400682011935218  0.5400682011935218
0.44857553663905547  0.44857553663905547
0.35850972272967163  0.35850972272967163
0.5061594202898546  0.5061594202898546
0.49777777777777804  0.49777777777777804
0.24637681159420305  0.24637681159420305
0.5178053830227752  0.5178053830227752
0.49999999999999917  0.49999999999999917
0.3428571428571426  0.3428571428571426
0.3762168635570166  0.3762168635570166
0.44827545987029904  0.44827545987029904
0.36118012422360224  0.36118012422360224
0.29999999999999993  0.29999999999999993
0.42662255038290464  0.42662255038290464
0.4702472293265125  0.4702472293265125
0.18840579710144925  0.18840579710144925
0.39296675191815816  0.39296675191815816
0.39903381642512054  0.39903381642512054
0.2501794340924778  0.2501794340924778
0.2539958592132503  0.2539958592132503
0.29937157471684334  0.29937157471684334
0.2857142857142858  0.2857142857142858
0.2142857142857144  0.2142857142857144
0.3142857142857143  0.3142857142857143
0.3142857142857143  0.3142857142857143
0.14705882352941174  0.14705882352941174
0.30235456501441177  0.30235456501441177
0.34285714285714275  0.34285714285714275
0.19054520358868196  0.19054520358868196
0.2666666666666668  0.2666666666666668
0.34285714285714275  0.34285714285714275
0.2857142857142858  0.2857142857142858
0.24167701863354057  0.24167701863354057
0.35220912245495206  0.35220912245495206
0.3187646652864042  0.3187646652864042
0.16417910447761191  0.16417910447761191
0.3205976420418914  0.3205976420418914
0.3142857142857143  0.3142857142857143
0.21336093857832975  0.21336093857832975
0.27290545203588684  0.27290545203588684
0.32136645962732924  0.32136645962732924
0.26570048309178723  0.26570048309178723
0.21028295376121475  0.21028295376121475
0.3142857142857143  0.3142857142857143
0.3142857142857143  0.3142857142857143
0.15942028985507237  0.15942028985507237
0.319948037185889  0.319948037185889
0.30801242236024806  0.30801242236024806
0.22857142857142868  0.22857142857142868
0.2773084886128363  0.2773084886128363
0.32118499573742526  0.32118499573742526
0.26570048309178723  0.26570048309178723
0.21427962489343563  0.21427962489343563
0.3207161125319694  0.3207161125319694
0.2941176470588237  0.2941176470588237
