0.25  0.25
0.345397897793797  0.45555552874654226
0.3998872262788587  0.5916666092300312
0.4226203814453048  0.6733332575624416
0.4258881242390573  0.7277776879595195
0.4206866454768749  0.7666665659891906
0.41187613049867505  0.7958332231974946
0.40220934211431586  0.8185184006115649
0.3967446348045927  0.8366665419234312
0.39101780566478345  0.8515150210929071
0.38412906401029173  0.8638887521992881
0.3776155559425325  0.8743588324289132
0.37200940088259105  0.8833331882005264
0.36845126163078795  0.8911109636569954
0.36628868539440784  0.897916517891478
0.36476469700865893  0.9039214185230325
0.3627785491080442  0.9092591072518366
0.3607222699008138  0.914034933676384
0.3590131999323086  0.9183331773185279
0.3569940203959923  0.9222220632993252
0.35535378420387376  0.9257574134082487
0.3592217215253966  0.9024835633817302
0.3618293168652314  0.8825056642691886
0.3641130292323953  0.8630079217880388
0.36764317144103503  0.8443285788618903
0.372320782484887  0.8270267031163863
0.375820635929114  0.8113918289624977
0.37954401534914783  0.7973515967446534
0.3828962818456311  0.7842367466975668
0.3862335685698215  0.7716628514804942
0.3898890796240847  0.7599727288021669
0.3930362034258653  0.7494223834907598
0.3963606054471284  0.7402332194437385
0.39949769728942447  0.7311494104879352
0.4025995490748969  0.7226908486315967
0.4056485914628514  0.7147154191014774
0.40890945163534376  0.7072522070584293
0.4117855171498665  0.7000696103490167
0.4144459936040533  0.6932887319473862
0.41705405946235624  0.6866784901998151
0.4193835770364937  0.680425017134098
0.4216171942374888  0.6746107252717428
0.423854320419135  0.6692015439718688
0.42611949518168835  0.6640811119425858
0.42824319580760495  0.659155024185416
0.4304284246066842  0.6544765377523809
0.43245130431346834  0.6498775158453025
0.4344787297879247  0.6455293838515579
0.43631989066194404  0.6413946153127297
0.43811566174536704  0.6374095682064
0.439843180106438  0.6336290625528307
0.4414826239067686  0.6299997900208353
0.4430814199787971  0.6264038790432459
0.4445945858878106  0.6228902775591191
0.4460459657406142  0.619542984765362
0.4475563277682022  0.6163446185365212
0.44901045172098364  0.6132353624478293
0.45044476401956385  0.6100989799830746
0.4518317352331536  0.6069880717098407
0.4531699923452097  0.6040396120224029
0.45443702149605997  0.6012041255851462
0.4556862810114202  0.5984192474362312
0.4568304344563309  0.5956621873222901
0.4579412282050503  0.5929573829857269
0.45898590039473003  0.590306297526044
0.4599495453266234  0.5877791565564665
0.4608902897295744  0.5853315695517542
0.46180253607607163  0.5829560132289656
0.4626470224424447  0.5806413113688715
0.46348662335500485  0.5784066345020439
0.46427220750343984  0.5762315687204097
0.46507562891801213  0.5741281047415289
0.4658188462188175  0.5720774018906041
0.46653833730464145  0.5700611941529459
0.4672402266429519  0.5680472472887405
0.46793111747628763  0.5661082729863032
0.46861880977194525  0.5642733916491918
0.4692120162851757  0.5624722059882539
0.46980727413172096  0.5607241347148008
0.4703934130576995  0.5590074207769052
0.470952500144377  0.5572890703127722
0.4714794361715013  0.5556260349806837
0.4719762951728489  0.5540035987925558
0.47246580589351606  0.5524014010263693
0.47292440819614684  0.5508135076807116
0.4733960596477462  0.5492869491187706
0.47389313855685994  0.5477827847557778
0.4743552894097755  0.5463126509540606
0.47480966760317156  0.5449028450950776
0.4752848931343795  0.5435305456891742
0.4757491450690505  0.542240157416947
0.4762222574740347  0.5409679643510096
0.4767021310693359  0.5397183637304656
0.47717905009695194  0.5384912279496505
0.4776440901345685  0.5372899467439869
0.4780830523680534  0.5361351958452872
0.47850694389888476  0.5350040580670402
0.47895815323068036  0.5338654445204064
0.47941245112135583  0.5327343645546779
0.4798650861322456  0.5316153970268671
0.48029518821759737  0.5305260915998291
