-1.0  -1.0
-0.8260422724932398  -0.8460784385959165
-0.7719078367704311  -0.7719078367704311
-1.0  -1.0
-1.0  -1.0
-0.45613769279099775  -0.45613769279099775
-0.07480727745006094  -0.07480727745006094
0.11213906620728856  0.11213906620728856
0.0814780599222745  0.0814780599222745
0.13976017137694569  0.13976017137694569
0.10655818836763672  0.10655818836763672
0.1347037683857978  0.1347037683857978
0.13970840836420334  0.13970840836420334
0.17477841534817298  0.17477841534817298
0.18721929903509688  0.18721929903509688
0.2467478299716054  0.2467478299716054
0.17240534813185096  0.17240534813185096
0.25272996111018564  0.25272996111018564
0.25477133442126654  0.25477133442126654
0.3608226993643859  0.3608226993643859
0.38139627801073545  0.38139627801073545
0.43638689184854607  0.43638689184854607
0.43104096428029126  0.43104096428029126
0.4623560958802477  0.4623560958802477
0.4242021116536671  0.4242021116536671
0.42558254201920975  0.42558254201920975
0.4314802987939368  0.4314802987939368
0.4084914943130362  0.4084914943130362
0.3782371947498428  0.3782371947498428
0.3874793383519585  0.3874793383519585
0.3898032831059504  0.3898032831059504
0.4071242894021861  0.4071242894021861
0.4404560562482077  0.4404560562482077
0.4835031630739944  0.4835031630739944
0.47607286811858074  0.47607286811858074
0.48023077956952004  0.48023077956952004
0.5157388997767295  0.5157388997767295
0.5251720793762849  0.5251720793762849
0.5234216993441745  0.5234216993441745
0.4863862999155793  0.4863862999155793
0.5064389444075202  0.5064389444075202
0.508611433541872  0.508611433541872
0.5259484378765734  0.5259484378765734
0.5030515096045771  0.5030515096045771
0.5259692739078619  0.5259692739078619
0.51826475285193  0.51826475285193
0.5165220843081875  0.5165220843081875
0.5124500133379334  0.5124500133379334
0.476761280637685  0.476761280637685
0.47818611272267564  0.47818611272267564
0.503535869955801  0.503535869955801
0.49041381391367833  0.49041381391367833
0.48711028729343087  0.48711028729343087
0.4789842720317588  0.4789842720317588
0.4995972438615435  0.4995972438615435
0.5096390870927858  0.5096390870927858
0.5211847865705594  0.5211847865705594
0.5116690925385864  0.5116690925385864
0.504136666310371  0.504136666310371
0.4978745957230535  0.4978745957230535
0.499627684793112  0.499627684793112
0.4984447862792267  0.4984447862792267
0.5066068090409542  0.5066068090409542
0.49787338546196935  0.49787338546196935
0.5122558255972165  0.5122558255972165
0.49201600497963976  0.49201600497963976
0.4918659429259593  0.4918659429259593
0.484652620693594  0.484652620693594
0.4813408308464394  0.4813408308464394
0.4906118212709643  0.4906118212709643
0.49719008598144104  0.49719008598144104
0.4959960280316023  0.4959960280316023
0.49175218599408005  0.49175218599408005
0.49835573587934606  0.49835573587934606
0.5256734067908301  0.5256734067908301
0.5540129529354312  0.5540129529354312
0.5424619520584525  0.5424619520584525
0.5357028481800405  0.5357028481800405
0.5285738210571179  0.5285738210571179
0.5262284063068472  0.5262284063068472
0.5171255125129839  0.5171255125129839
0.4895893376221028  0.4895893376221028
0.4987006341326791  0.4987006341326791
0.5122648148054727  0.5122648148054727
0.4950737714883367  0.4950737714883367
0.5170248634115344  0.5170248634115344
0.49313849072081034  0.49313849072081034
0.49674020673570335  0.49674020673570335
0.5197884489148284  0.5197884489148284
0.5286878380913418  0.5286878380913418
0.5159203407198352  0.5159203407198352
0.5181415361105982  0.5181415361105982
0.4991817693316391  0.4991817693316391
0.4856489460491418  0.4856489460491418
0.5176729798400638  0.5176729798400638
0.5366577710534515  0.5366577710534515
0.525422093543952  0.525422093543952
0.5268490274677899  0.5268490274677899
0.5314719611592922  0.5314719611592922
0.5106808856167061  0.5106808856167061
0.5266133062130749  0.5266133062130749
