0.46036014716808954  0.679402388699689
0.45819335558714763  0.672466078944906
0.45884977950170014  0.6681765761804709
0.4594760002238149  0.6640340171965892
0.4583250865191384  0.6585526270795419
0.4580822993477477  0.6539847043915857
0.4587026780516609  0.6502389403899104
0.4584542528751409  0.6457936004676821
0.45743701534907305  0.6407348351216428
0.45808131473082486  0.6372102604499785
0.4587082198826322  0.6337619608254033
0.45690993096549926  0.6284276937975161
0.4574807683120106  0.6251995945036114
0.4580323537060776  0.6220131025509632
0.4570989650166986  0.6176542207337757
0.45693875522195954  0.614029664328009
0.45751408304614555  0.6111028277918386
0.45733203101859593  0.6076488682439286
0.45648828526343366  0.6037356165809828
0.45707341711900035  0.6011006070481336
0.4576433251325435  0.5985061412549825
0.4561721982108989  0.5942410932978652
0.45676983199297255  0.5917374864909636
0.45735410467377646  0.5892575291561533
0.45659805520081326  0.585769031179315
0.45649416221783096  0.5829035695082985
0.4570309327733987  0.580619671185022
0.4569166693000833  0.5778933132228716
0.45622489218658824  0.5746903006937086
0.45678696155742116  0.5725237790594195
0.4573354700167591  0.5704061170699586
0.45605807901054624  0.5669265899327967
