0.0  0.0
0.09282071611938475  0.09326643694897571
0.006036217303822939  0.006036217303822939
0.0  0.0
0.0  0.0
0.011058277566997407  0.011058277566997407
0.027350428711220006  0.027350428711220006
0.0784949910355053  0.0784949910355053
0.04292227471970197  0.04292227471970197
0.1149108545413095  0.1149108545413095
0.07071414561986637  0.07071414561986637
0.10915071243707736  0.10915071243707736
0.11415646968017774  0.11415646968017774
0.17471493430134813  0.17471493430134813
0.26423699055102906  0.26423699055102906
0.30807944642419843  0.30807944642419843
0.16155390296023994  0.16155390296023994
0.3014424373600025  0.3014424373600025
0.3049248866802807  0.3049248866802807
0.47293288962231644  0.47293288962231644
0.5131225425376852  0.5131225425376852
0.5955692465225967  0.5955692465225967
0.5931180766292494  0.5931180766292494
0.6311363832030762  0.6311363832030762
0.5804190820236416  0.5804190820236416
0.584356100664775  0.584356100664775
0.5884152638267673  0.5884152638267673
0.5544168751245508  0.5544168751245508
0.5078155322156197  0.5078155322156197
0.5275746616099675  0.5275746616099675
0.540628781616121  0.540628781616121
0.5538937906297504  0.5538937906297504
0.6116460000340613  0.6116460000340613
0.6612539886352904  0.6612539886352904
0.6537384317091446  0.6537384317091446
0.6545796417053547  0.6545796417053547
0.6944378027622893  0.6944378027622893
0.7068648078936823  0.7068648078936823
0.7067791340766805  0.7067791340766805
0.6671983171362362  0.6671983171362362
0.6910803974648528  0.6910803974648528
0.6897448280586307  0.6897448280586307
0.7092046232121288  0.7092046232121288
0.687601005367875  0.687601005367875
0.7082082301562695  0.7082082301562695
0.7052391813038708  0.7052391813038708
0.6955339810923823  0.6955339810923823
0.6958926604537147  0.6958926604537147
0.6579341496296215  0.6579341496296215
0.6542512984128805  0.6542512984128805
0.6840075940299849  0.6840075940299849
0.6662365812187598  0.6662365812187598
0.6641892338673315  0.6641892338673315
0.6604958459784944  0.6604958459784944
0.6853930414221907  0.6853930414221907
0.6960533548744361  0.6960533548744361
0.7120231026957515  0.7120231026957515
0.6961495700846918  0.6961495700846918
0.6921083379113587  0.6921083379113587
0.678000736208075  0.678000736208075
0.6850506296618715  0.6850506296618715
0.6857142857142852  0.6857142857142852
0.6934626738939412  0.6934626738939412
0.6816475370011805  0.6816475370011805
0.6999764470810659  0.6999764470810659
0.6737302475793292  0.6737302475793292
0.6734753070313961  0.6734753070313961
0.6644340104113499  0.6644340104113499
0.6638237000817087  0.6638237000817087
0.6729872610007182  0.6729872610007182
0.6786699926956808  0.6786699926956808
0.6767449316360207  0.6767449316360207
0.6746363736216096  0.6746363736216096
0.6802303657123432  0.6802303657123432
0.7148998105090509  0.7148998105090509
0.7373572077667855  0.7373572077667855
0.7308642776726013  0.7308642776726013
0.7212688748567647  0.7212688748567647
0.7098112256775326  0.7098112256775326
0.7040713786694984  0.7040713786694984
0.6991682232045136  0.6991682232045136
0.672584858224748  0.672584858224748
0.6841910655225499  0.6841910655225499
0.6945315987846707  0.6945315987846707
0.6796116504854361  0.6796116504854361
0.7038387871952358  0.7038387871952358
0.6783447135388875  0.6783447135388875
0.6818825519545219  0.6818825519545219
0.7070592143915061  0.7070592143915061
0.714627168719446  0.714627168719446
0.704340906826775  0.704340906826775
0.7068724156917223  0.7068724156917223
0.6840152565880714  0.6840152565880714
0.668006939390194  0.668006939390194
0.7033306730660518  0.7033306730660518
0.7262720664589822  0.7262720664589822
0.7133725304345259  0.7133725304345259
0.7116872145269152  0.7116872145269152
0.7208696907351818  0.7208696907351818
0.6954416419293643  0.6954416419293643
0.7148086549569038  0.7148086549569038
