0.0  0.0
0.9666666666666667  0.9666666666666667
1.0  1.0
1.0  1.0
0.9695785440613018  0.9695785440613018
0.8727476737821568  0.8727476737821568
0.8162452107279689  0.8162452107279689
0.7835249042145593  0.7835249042145593
0.773256704980843  0.773256704980843
0.8671121449857081  0.8671121449857081
0.8749604695006996  0.8749604695006996
0.84904214559387  0.84904214559387
0.9245977011494246  0.9245977011494246
0.8785823754789275  0.8785823754789275
0.859518195725092  0.859518195725092
0.9358876117496802  0.9358876117496802
0.8333333333333331  0.8333333333333331
0.8520114942528738  0.8520114942528738
0.8048275862068965  0.8048275862068965
0.8431800766283524  0.8431800766283524
0.8894252873563219  0.8894252873563219
0.8754406130268199  0.8754406130268199
0.8986206896551717  0.8986206896551717
0.8965517241379314  0.8965517241379314
0.8878544061302682  0.8878544061302682
0.870268199233717  0.870268199233717
0.8812807881773396  0.8812807881773396
0.9324904214559385  0.9324904214559385
0.9262342638204706  0.9262342638204706
0.9377777777777773  0.9377777777777773
0.8999999999999996  0.8999999999999996
0.8999999999999996  0.8999999999999996
0.9111111111111112  0.9111111111111112
0.9333333333333335  0.9333333333333335
0.9200000000000002  0.9200000000000002
0.9333333333333335  0.9333333333333335
0.9333333333333335  0.9333333333333335
0.9333333333333335  0.9333333333333335
0.9333333333333335  0.9333333333333335
0.908275862068965  0.908275862068965
0.9321839080459772  0.9321839080459772
0.9333333333333335  0.9333333333333335
0.9333333333333335  0.9333333333333335
0.9333333333333335  0.9333333333333335
0.9333333333333335  0.9333333333333335
0.9526436781609194  0.9526436781609194
0.9463984674329502  0.9463984674329502
0.9333333333333335  0.9333333333333335
0.9333333333333335  0.9333333333333335
0.9633333333333326  0.9633333333333326
0.9366666666666669  0.9366666666666669
0.9333333333333335  0.9333333333333335
0.9333333333333335  0.9333333333333335
0.9333333333333335  0.9333333333333335
0.9333333333333335  0.9333333333333335
0.9333333333333335  0.9333333333333335
0.9333333333333335  0.9333333333333335
0.9333333333333335  0.9333333333333335
0.9333333333333335  0.9333333333333335
0.9333333333333335  0.9333333333333335
0.9333333333333335  0.9333333333333335
0.9333333333333335  0.9333333333333335
0.9333333333333335  0.9333333333333335
0.9333333333333335  0.9333333333333335
0.9485823754789272  0.9485823754789272
0.9333333333333335  0.9333333333333335
0.9333333333333335  0.9333333333333335
0.9333333333333335  0.9333333333333335
0.9333333333333335  0.9333333333333335
0.9622988505747121  0.9622988505747121
0.9622988505747121  0.9622988505747121
0.9655172413793098  0.9655172413793098
0.966666666666666  0.966666666666666
0.966666666666666  0.966666666666666
0.966666666666666  0.966666666666666
0.966666666666666  0.966666666666666
0.966666666666666  0.966666666666666
0.966666666666666  0.966666666666666
0.966666666666666  0.966666666666666
0.966666666666666  0.966666666666666
0.966666666666666  0.966666666666666
0.966666666666666  0.966666666666666
0.966666666666666  0.966666666666666
0.966666666666666  0.966666666666666
0.966666666666666  0.966666666666666
0.966666666666666  0.966666666666666
0.966666666666666  0.966666666666666
0.966666666666666  0.966666666666666
0.966666666666666  0.966666666666666
0.966666666666666  0.966666666666666
0.966666666666666  0.966666666666666
0.966666666666666  0.966666666666666
0.966666666666666  0.966666666666666
0.966666666666666  0.966666666666666
0.966666666666666  0.966666666666666
0.966666666666666  0.966666666666666
0.966666666666666  0.966666666666666
0.966666666666666  0.966666666666666
0.966666666666666  0.966666666666666
0.966666666666666  0.966666666666666
0.966666666666666  0.966666666666666
