-1.0  -1.0
-0.9419528949708368  -0.9421646429595684
-1.0  -1.0
-1.0  -1.0
0.03862826931242583  0.03922810903995458
0.09756357890206618  0.10128648309384979
0.19971156283077499  0.19971156283077499
0.15044737308073006  0.15044737308073006
0.15563118974162604  0.15563118974162604
0.07005459285472805  0.07005459285472805
0.031208703447986277  0.031208703447986277
0.08001541020025034  0.08001541020025034
-0.08787507331199082  -0.08787507331199082
0.16942311893261  0.16942311893261
0.12510509983672588  0.12510509983672588
0.09550578221956786  0.09550578221956786
0.12786928070840178  0.12786928070840178
0.09142011366915771  0.09142011366915771
0.07024531171929427  0.07024531171929427
0.015591523517867696  0.015591523517867696
-0.08641862113451343  -0.08641862113451343
-0.02567161243360291  -0.02567161243360291
-0.09102125401985814  -0.09102125401985814
-0.1153152824157255  -0.1153152824157255
-0.09622397681941157  -0.09622397681941157
-0.04534762193241326  -0.04534762193241326
-0.014997611324778105  -0.014997611324778105
-0.09783343847093705  -0.09783343847093705
-0.12655304271224121  -0.12655304271224121
-0.1635380237710635  -0.1635380237710635
-0.07639076177081681  -0.07639076177081681
-0.1572618198404476  -0.1572618198404476
-0.1920653834581957  -0.1920653834581957
-0.2372831017940727  -0.2372831017940727
-0.19404721297886132  -0.19404721297886132
-0.20880692772577183  -0.20880692772577183
-0.23711095080468253  -0.23711095080468253
-0.22269765502983957  -0.22269765502983957
-0.23704519747657735  -0.23704519747657735
-0.1855769519077507  -0.1855769519077507
-0.23474798424455423  -0.23474798424455423
-0.2208847928179436  -0.2208847928179436
-0.23972919194392148  -0.23972919194392148
-0.27529271729895943  -0.27529271729895943
-0.23837698959335624  -0.23837698959335624
-0.2549829446985764  -0.2549829446985764
-0.21488538433337726  -0.21488538433337726
-0.20197396875850668  -0.20197396875850668
-0.21025308963433303  -0.21025308963433303
-0.2521264137505029  -0.2521264137505029
-0.23079331098986045  -0.23079331098986045
-0.1968621261840662  -0.1968621261840662
-0.21680126325706686  -0.21680126325706686
-0.20581298277672302  -0.20581298277672302
-0.20101981149275103  -0.20101981149275103
-0.2097181283624388  -0.2097181283624388
-0.21373033790164525  -0.21373033790164525
-0.19175715288624343  -0.19175715288624343
-0.20756782970940452  -0.20756782970940452
-0.19296309821120589  -0.19296309821120589
-0.1735946509015082  -0.1735946509015082
-0.1735946509015082  -0.1735946509015082
-0.20070681204401458  -0.20070681204401458
-0.19397010498291373  -0.19397010498291373
-0.22263402032411175  -0.22263402032411175
-0.22398953246048114  -0.22398953246048114
-0.22740916544257886  -0.22740916544257886
-0.20923454783829698  -0.20923454783829698
-0.23081916227169222  -0.23081916227169222
-0.25047736527256986  -0.25047736527256986
-0.248065384672317  -0.248065384672317
-0.22956734322743527  -0.22956734322743527
-0.2647256003543913  -0.2647256003543913
-0.2530308915112464  -0.2530308915112464
-0.25872615748137373  -0.25872615748137373
-0.2655302109105071  -0.2655302109105071
-0.2968076293066048  -0.2968076293066048
-0.29013871811141817  -0.29013871811141817
-0.2851791073467197  -0.2851791073467197
-0.29345217343031943  -0.29345217343031943
-0.2814014521551239  -0.2814014521551239
-0.2684314731882828  -0.2684314731882828
-0.26925990215630163  -0.26925990215630163
-0.2783401888073043  -0.2783401888073043
-0.26334775882859335  -0.26334775882859335
-0.27405580787366657  -0.27405580787366657
-0.2870170861256457  -0.2870170861256457
-0.2834892534715365  -0.2834892534715365
-0.2883715419413375  -0.2883715419413375
-0.2735293217757799  -0.2735293217757799
-0.26973454408977665  -0.26973454408977665
-0.27016667046816567  -0.27016667046816567
-0.2883715419413375  -0.2883715419413375
-0.26887863954245306  -0.26887863954245306
-0.24414580206480302  -0.24414580206480302
-0.2711932790320405  -0.2711932790320405
-0.2844173915392017  -0.2844173915392017
-0.25864944501869336  -0.25864944501869336
-0.2609430336492979  -0.2609430336492979
-0.27405580787366657  -0.27405580787366657
-0.2732034603084153  -0.2732034603084153
