0.0  0.0
0.7135802469135801  0.6956521739130433
1.0  1.0
1.0  1.0
0.9910727969348658  0.991304347826087
0.8461247947454846  0.8415709893970765
0.914214559386973  0.9289855072463767
0.9268156662409536  0.9498462889767241
0.8977777777777777  0.910144927536232
0.9443678160919535  0.9298418972332012
0.9472030651340992  0.9308959156785245
0.950106732348112  0.9340171905389296
0.903563218390804  0.8729249011857709
0.8586097427476741  0.8202898550724632
0.8347016967706621  0.782476943346509
0.8662105455208907  0.8224025974025975
0.8966666666666671  0.8695652173913045
0.8696551724137931  0.8298418972332016
0.874444444444444  0.8782608695652179
0.9322222222222224  0.91304347826087
0.9165955117679256  0.9046113306982874
0.9329501915708813  0.9329501915708813
0.9161193212917347  0.9161193212917347
0.9098084291187738  0.9098084291187738
0.9205747126436777  0.9205747126436777
0.8700000000000004  0.8700000000000004
0.866666666666667  0.866666666666667
0.866666666666667  0.866666666666667
0.866666666666667  0.866666666666667
0.8636015325670503  0.8636015325670503
0.8584674329501916  0.8584674329501916
0.8036398467432946  0.8036398467432946
0.7911330049261078  0.7911330049261078
0.8103448275862072  0.8103448275862072
0.7644444444444443  0.7644444444444443
0.7563601532567046  0.7563601532567046
0.758620689655172  0.758620689655172
0.7434482758620683  0.7434482758620683
0.7910281672350642  0.7910281672350642
0.7571738733807699  0.7571738733807699
0.7293486590038315  0.7293486590038315
0.6954022988505751  0.6954022988505751
0.7318007662835249  0.7318007662835249
0.7088122605363981  0.7088122605363981
0.7277777777777777  0.7277777777777777
0.758620689655172  0.758620689655172
0.7392924976258306  0.7392924976258306
0.6855500821018066  0.6855500821018066
0.7085385878489325  0.7085385878489325
0.6554734537493156  0.6554734537493156
0.6499999999999999  0.6499999999999999
0.6916271361673664  0.6916271361673664
0.6666666666666666  0.6666666666666666
0.6896551724137935  0.6896551724137935
0.6689655172413793  0.6689655172413793
0.713464696223317  0.713464696223317
0.7135053962640169  0.7135053962640169
0.6623964183964184  0.6623964183964184
0.597730294396961  0.597730294396961
0.6025641025641023  0.6025641025641023
0.6455254515599342  0.6455254515599342
0.5951668701668699  0.5951668701668699
0.5526576658760567  0.5526576658760567
0.5045977011494254  0.5045977011494254
0.45014245014245025  0.45014245014245025
0.4372201872201874  0.4372201872201874
0.4208949096880131  0.4208949096880131
0.32861538461538464  0.32861538461538464
0.3493314339981007  0.3493314339981007
0.3464285714285714  0.3464285714285714
0.34761904761904755  0.34761904761904755
0.301614434947768  0.301614434947768
0.30265158426077965  0.30265158426077965
0.2987315153981819  0.2987315153981819
0.29667616334282976  0.29667616334282976
0.2795414462081129  0.2795414462081129
0.27555555555555544  0.27555555555555544
0.2135467980295567  0.2135467980295567
0.19684364167122784  0.19684364167122784
0.24137931034482746  0.24137931034482746
0.24137931034482746  0.24137931034482746
0.24137931034482746  0.24137931034482746
0.2454022988505746  0.2454022988505746
0.24137931034482746  0.24137931034482746
0.23333333333333336  0.23333333333333336
0.23333333333333336  0.23333333333333336
0.20689655172413793  0.20689655172413793
0.20505747126436788  0.20505747126436788
0.20252873563218396  0.20252873563218396
0.2000000000000001  0.2000000000000001
0.23333333333333336  0.23333333333333336
0.20259684972328654  0.20259684972328654
0.2324521072796935  0.2324521072796935
0.23333333333333336  0.23333333333333336
0.21970443349753702  0.21970443349753702
0.20123152709359607  0.20123152709359607
0.23333333333333336  0.23333333333333336
0.22892720306513414  0.22892720306513414
0.22452107279693487  0.22452107279693487
0.23360153256704985  0.23360153256704985
0.22888888888888895  0.22888888888888895
