0.0  0.0
0.0  0.0
0.0  0.0
0.0  0.0
0.0  0.0
0.0  0.0
0.0  0.0
0.0  0.0
0.08273809523809522  0.08273809523809522
0.0  0.0
0.0  0.0
0.0  0.0
0.012222222222222223  0.012222222222222223
0.10460317460317467  0.10460317460317467
0.0803349673202614  0.0803349673202614
0.20555842219928913  0.20555842219928913
0.3498658280430725  0.3498658280430725
0.30833388833388814  0.30833388833388814
0.18377528789293504  0.18377528789293504
0.3525042794895734  0.3525042794895734
0.46530058177117073  0.46530058177117073
0.20435897435897446  0.20435897435897446
0.4199803634904251  0.4199803634904251
0.4785546382295606  0.4785546382295606
0.21446078431372548  0.21446078431372548
0.36783066735466113  0.36783066735466113
0.6288995215311007  0.6288995215311007
0.45729847494553405  0.45729847494553405
0.3478476659369106  0.3478476659369106
0.42378955968352194  0.42378955968352194
0.4723456368193213  0.4723456368193213
0.23577777777777786  0.23577777777777786
0.5632034632034636  0.5632034632034636
0.5820231990231989  0.5820231990231989
0.41741238471673275  0.41741238471673275
0.5222063492063496  0.5222063492063496
0.6233492063492068  0.6233492063492068
0.468633289415898  0.468633289415898
0.418818917566044  0.418818917566044
0.5879613526570047  0.5879613526570047
0.5574074074074075  0.5574074074074075
0.28276353276353255  0.28276353276353255
0.6230294396961065  0.6230294396961065
0.6971509971509976  0.6971509971509976
0.4769293924466339  0.4769293924466339
0.5792556102900932  0.5792556102900932
0.717657361795293  0.717657361795293
0.61575416688737  0.61575416688737
0.5281182795698924  0.5281182795698924
0.8151724137931026  0.8151724137931026
0.7404092927081433  0.7404092927081433
0.3984400656814451  0.3984400656814451
0.8104664905450499  0.8104664905450499
0.8285791090629812  0.8285791090629812
0.5236781609195406  0.5236781609195406
0.7195897435897429  0.7195897435897429
0.8194049093686768  0.8194049093686768
0.7051282051282055  0.7051282051282055
0.5695970695970697  0.5695970695970697
0.8666479446479449  0.8666479446479449
0.8510369154047321  0.8510369154047321
0.463388888888889  0.463388888888889
0.8927777777777791  0.8927777777777791
0.8836666666666669  0.8836666666666669
0.5387696844218579  0.5387696844218579
0.7707664884135471  0.7707664884135471
0.8850877192982451  0.8850877192982451
0.642456140350877  0.642456140350877
0.5649999999999998  0.5649999999999998
0.8099415204678363  0.8099415204678363
0.7777777777777783  0.7777777777777783
0.375  0.375
0.8006535947712424  0.8006535947712424
0.6313725490196079  0.6313725490196079
0.49166666666666664  0.49166666666666664
0.5833333333333336  0.5833333333333336
0.7368421052631576  0.7368421052631576
0.5836257309941518  0.5836257309941518
0.4494736842105262  0.4494736842105262
0.7259161793372316  0.7259161793372316
0.7835798646944163  0.7835798646944163
0.3888888888888891  0.3888888888888891
0.7777777777777783  0.7777777777777783
0.7777777777777783  0.7777777777777783
0.5171539961013649  0.5171539961013649
0.5908496732026145  0.5908496732026145
0.6980392156862741  0.6980392156862741
0.5882352941176471  0.5882352941176471
0.4705882352941178  0.4705882352941178
0.6983932461873633  0.6983932461873633
0.6681372549019604  0.6681372549019604
0.3529411764705882  0.3529411764705882
0.7058823529411761  0.7058823529411761
0.6395833333333337  0.6395833333333337
0.427450980392157  0.427450980392157
0.5652369281045754  0.5652369281045754
0.669485294117647  0.669485294117647
0.5882352941176471  0.5882352941176471
0.38026960784313757  0.38026960784313757
0.533333333333334  0.533333333333334
0.7141483516483516  0.7141483516483516
