0.0  0.0
0.26666666666666666  0.13333333333333333
0.0  0.0
0.0  0.0
0.23333333333333334  0.2
1.0  1.0
1.0  0.7333333333333333
0.9333333333333333  0.8333333333333334
1.0  1.0
1.0  1.0
1.0  1.0
1.0  1.0
1.0  1.0
1.0  1.0
1.0  1.0
1.0  1.0
1.0  1.0
1.0  1.0
1.0  1.0
1.0  1.0
1.0  1.0
0.10707602339181285  0.11993464052287583
0.11604719968564357  0.11604719968564357
0.10342307692307698  0.10342307692307698
0.09108419721763049  0.09108419721763049
0.1221774193548387  0.11846590909090902
0.15576828110161448  0.14992538325871657
0.11931075460487224  0.11931075460487224
0.12121212121212113  0.12121212121212113
0.11476501711795832  0.11815635345047108
0.13030303030303028  0.13447580645161283
0.16574229691876752  0.16574229691876752
0.17495798319327732  0.17495798319327732
0.1776209677419355  0.1776209677419355
0.16979674796747968  0.16979674796747968
0.18095476339378777  0.18095476339378777
0.1721747967479674  0.1721747967479674
0.17613342729621803  0.17613342729621803
0.13004424085819435  0.13004424085819435
0.15149244526672845  0.15149244526672845
0.17082947887758246  0.17082947887758246
0.18486547949429538  0.18486547949429538
0.16666666666666666  0.16666666666666666
0.17150700280112047  0.17150700280112047
0.1636158463385355  0.1636158463385355
0.14285714285714282  0.14285714285714282
0.14285714285714282  0.14285714285714282
0.17392545794321596  0.17392545794321596
0.16074182532229145  0.16074182532229145
0.1925101422604196  0.1925101422604196
0.19992743105950664  0.19992743105950664
0.17875736961451244  0.17875736961451244
0.19419306184012078  0.19419306184012078
0.16677148846960171  0.16677148846960171
0.190006118557728  0.190006118557728
0.15518275041027535  0.15518275041027535
0.17230958988590808  0.17230958988590808
0.17905028678137927  0.17905028678137927
0.2071431239162331  0.2071431239162331
0.21156462585034005  0.21156462585034005
0.19709904474610368  0.19709904474610368
0.21999999999999995  0.21999999999999995
0.22136116152450086  0.22136116152450086
0.23742450808494064  0.23742450808494064
0.2499512955386715  0.2499512955386715
0.267857142857143  0.267857142857143
0.2835807190389767  0.2835807190389767
0.3098608590441622  0.3098608590441622
0.30642230576441104  0.30642230576441104
0.31696914700544465  0.31696914700544465
0.3272727272727273  0.3272727272727273
0.3165789986362751  0.3165789986362751
0.3303078015498132  0.3303078015498132
0.3267997580157289  0.3267997580157289
0.32757252326217834  0.32757252326217834
0.34894527986633245  0.34894527986633245
0.36560798548094364  0.36560798548094364
0.39369256474519637  0.39369256474519637
0.39853801169590625  0.39853801169590625
0.37288135593220356  0.37288135593220356
0.3662659380692167  0.3662659380692167
0.38098902526138073  0.38098902526138073
0.3661991038379117  0.3661991038379117
0.35891709266114363  0.35891709266114363
0.4056704260651632  0.4056704260651632
0.3770491803278689  0.3770491803278689
0.3972474289171203  0.3972474289171203
0.39613676212741095  0.39613676212741095
0.4039607835095237  0.4039607835095237
0.41476104053236534  0.41476104053236534
0.4095133667502091  0.4095133667502091
0.3976582541000856  0.3976582541000856
0.3898305084745762  0.3898305084745762
0.37856953992596515  0.37856953992596515
0.37288135593220356  0.37288135593220356
0.39655172413793077  0.39655172413793077
0.3927430352620298  0.3927430352620298
0.4023492639645092  0.4023492639645092
0.4035087719298248  0.4035087719298248
0.38363465160075333  0.38363465160075333
0.3855475286344973  0.3855475286344973
