0.48796463765070164  0.48796463765070164
0.3504152022701759  0.3504152022701759
0.4767640388250189  0.4767640388250189
0.47726589746557063  0.47726589746557063
0.3910149132011674  0.3910149132011674
0.42038514073267136  0.42038514073267136
0.4464531318305362  0.4464531318305362
0.40095478466623735  0.40095478466623735
0.3626736332542065  0.3626736332542065
0.46626140827951223  0.46626140827951223
0.4825779934886065  0.4825779934886065
0.3458623046911293  0.3458623046911293
0.505907923477451  0.505907923477451
0.5008208745029359  0.5008208745029359
0.39470602821163137  0.39470602821163137
0.45633190382571054  0.45633190382571054
0.5262343821491114  0.5262343821491114
0.47363360563743645  0.47363360563743645
0.4358685691196571  0.4358685691196571
0.5521091094578827  0.5521091094578827
0.5406841409407233  0.5406841409407233
0.38850337045446337  0.38850337045446337
0.5461353044790768  0.5461353044790768
0.5348118488511738  0.5348118488511738
0.4192249159016569  0.4192249159016569
0.48393467206027885  0.48393467206027885
0.5315592654125194  0.5315592654125194
0.4852800787811671  0.4852800787811671
0.4361538441444967  0.4361538441444967
0.5565858109823449  0.5565858109823449
0.5659275749306268  0.5659275749306268
0.40645263599167564  0.40645263599167564
