0.0  0.0
0.16460442406280362  0.04166666666666666
0.0  0.0
0.0  0.0
0.017141577060931897  0.016666666666666666
0.263713115205296  0.2689034395556135
0.15598111091944103  0.1285384615384616
0.13535160720505546  0.09409090909090913
0.18493761140819964  0.16393162393162397
0.10471977842945587  0.1303478260869565
0.09981182795698924  0.12847342995169078
0.09459121245828703  0.12307070707070704
0.17443589116976205  0.2231452991452993
0.24774212715389185  0.30465337132003795
0.2832743400390459  0.3566544566544566
0.23346616290025635  0.2977277312059921
0.18731060606060607  0.2307692307692308
0.22969983447924625  0.2894185320851987
0.22210338680926908  0.21521747388414064
0.1268939393939394  0.16000000000000006
0.15304633143580007  0.17379487179487177
0.08242630385487527  0.08596978106691334
0.09723886091356299  0.09723886091356299
0.09632796972419615  0.09632796972419615
0.08477376686304029  0.08477376686304029
0.125965097831835  0.12396313364055299
0.14365155312523734  0.14111716071788666
0.1259259259259259  0.1259259259259259
0.126984126984127  0.126984126984127
0.12462962962962963  0.12660223587642944
0.13567693250400809  0.1379046947529232
0.1797275641025641  0.1797275641025641
0.19040258576548894  0.19040258576548894
0.18344086021505374  0.18344086021505374
0.1973166535444552  0.1973166535444552
0.20765964356757205  0.20765964356757205
0.20097434850649795  0.20097434850649795
0.2088599500523097  0.2088599500523097
0.16021523125995493  0.16021523125995493
0.18653915700923626  0.18653915700923626
0.20944482418166618  0.20944482418166618
0.23008004860636447  0.23008004860636447
0.20557220557220565  0.20557220557220565
0.21586570016949772  0.21586570016949772
0.2043788091889359  0.2043788091889359
0.17948717948717946  0.17948717948717946
0.18454864433811793  0.18454864433811793
0.22396764956196882  0.22396764956196882
0.20720349541493963  0.20720349541493963
0.2469979980198067  0.2469979980198067
0.254481339994123  0.254481339994123
0.22630784124455025  0.22630784124455025
0.24540800963565196  0.24540800963565196
0.2169556273875992  0.2169556273875992
0.2414298385955747  0.2414298385955747
0.20132551198929724  0.20132551198929724
0.21507622691184328  0.21507622691184328
0.2339823310279353  0.2339823310279353
0.2734168755221386  0.2734168755221386
0.27611699370603476  0.27611699370603476
0.25333024791533937  0.25333024791533937
0.2850106034316561  0.2850106034316561
0.2960284889149457  0.2960284889149457
0.32098855434861856  0.32098855434861856
0.34366925064599485  0.34366925064599485
0.36292207156150724  0.36292207156150724
0.3807146114259661  0.3807146114259661
0.4239915678290124  0.4239915678290124
0.41655552333143636  0.41655552333143636
0.42687512214188017  0.42687512214188017
0.43585071995298275  0.43585071995298275
0.4356589147286825  0.4356589147286825
0.44825746085236257  0.44825746085236257
0.44582400738384464  0.44582400738384464
0.4469684133816129  0.4469684133816129
0.47014275589753984  0.47014275589753984
0.4859529537556806  0.4859529537556806
0.5247115280220613  0.5247115280220613
0.5326759137389895  0.5326759137389895
0.49999999999999994  0.49999999999999994
0.49401581356637553  0.49401581356637553
0.5071942950221605  0.5071942950221605
0.49307671745522585  0.49307671745522585
0.4872811915508545  0.4872811915508545
0.5305800588078052  0.5305800588078052
0.5054945054945054  0.5054945054945054
0.5293504410585405  0.5293504410585405
0.5287573722502044  0.5287573722502044
0.5362612182755806  0.5362612182755806
0.5462904911180769  0.5462904911180769
0.5338590394725115  0.5338590394725115
0.5304958549025207  0.5304958549025207
0.5170497105890368  0.5170497105890368
0.5068376068376068  0.5068376068376068
0.5045977011494256  0.5045977011494256
0.529965249933173  0.529965249933173
0.519399046646238  0.519399046646238
0.5287589203988563  0.5287589203988563
0.5307849950993492  0.5307849950993492
0.5113150228880566  0.5113150228880566
0.5140583428223877  0.5140583428223877
