0.0  0.0
0.0  0.0
0.0  0.0
0.0  0.0
0.0  0.0
0.0  0.0
0.0  0.0
0.0  0.0
0.03069385174648333  0.03069385174648333
0.0  0.0
0.0  0.0
0.0  0.0
0.006507936507936507  0.006507936507936507
0.06663299663299659  0.06663299663299659
0.0580801539913473  0.0580801539913473
0.15734363670434767  0.15734363670434767
0.27039123251674674  0.27039123251674674
0.18280440353879765  0.18280440353879765
0.11972894434768441  0.11972894434768441
0.2597275886583804  0.2597275886583804
0.31359830257090365  0.31359830257090365
0.14486107388546413  0.14486107388546413
0.32555166504059957  0.32555166504059957
0.3727032097052768  0.3727032097052768
0.15553165631777643  0.15553165631777643
0.29816380826674915  0.29816380826674915
0.5199372784369168  0.5199372784369168
0.36289661960337255  0.36289661960337255
0.2911976108263937  0.2911976108263937
0.3198041780742982  0.3198041780742982
0.399839355600396  0.399839355600396
0.22365639950545615  0.22365639950545615
0.5027676086317344  0.5027676086317344
0.5632599879259151  0.5632599879259151
0.39239269324751197  0.39239269324751197
0.4780374818418292  0.4780374818418292
0.591606436530826  0.591606436530826
0.4741831133933685  0.4741831133933685
0.4123664359638054  0.4123664359638054
0.5541129609076335  0.5541129609076335
0.5406015228656738  0.5406015228656738
0.2761078288122311  0.2761078288122311
0.6156673413508897  0.6156673413508897
0.6884480566500543  0.6884480566500543
0.4804335640791187  0.4804335640791187
0.5797979016755352  0.5797979016755352
0.7134974370733695  0.7134974370733695
0.6222663959274275  0.6222663959274275
0.5450359667808962  0.5450359667808962
0.8276108154664871  0.8276108154664871
0.723364291226012  0.723364291226012
0.3915155119437013  0.3915155119437013
0.8169246432005423  0.8169246432005423
0.8270694426164508  0.8270694426164508
0.5267961350873778  0.5267961350873778
0.6867724867724863  0.6867724867724863
0.7766041831846879  0.7766041831846879
0.6720987654320989  0.6720987654320989
0.5510474782102126  0.5510474782102126
0.8062093693594445  0.8062093693594445
0.8400485865378658  0.8400485865378658
0.4297338190234973  0.4297338190234973
0.8204090738052997  0.8204090738052997
0.8014814814814812  0.8014814814814812
0.46617896389324975  0.46617896389324975
0.6164446298614009  0.6164446298614009
0.6931874985578569  0.6931874985578569
0.51618253968254  0.51618253968254
0.4476462585034016  0.4476462585034016
0.6399250714778666  0.6399250714778666
0.6029732415116312  0.6029732415116312
0.26666666666666666  0.26666666666666666
0.5996299722479178  0.5996299722479178
0.4882533319628596  0.4882533319628596
0.35246753246753265  0.35246753246753265
0.43329894691596815  0.43329894691596815
0.5738095238095243  0.5738095238095243
0.45833847260766747  0.45833847260766747
0.3628566289297096  0.3628566289297096
0.5638073286052017  0.5638073286052017
0.597847294329388  0.597847294329388
0.29787234042553196  0.29787234042553196
0.5940718470551958  0.5940718470551958
0.5833333333333331  0.5833333333333331
0.3884920634920634  0.3884920634920634
0.44377119950662947  0.44377119950662947
0.5253160653715703  0.5253160653715703
0.4444444444444449  0.4444444444444449
0.3600000000000002  0.3600000000000002
0.5209585213840527  0.5209585213840527
0.49525834686603193  0.49525834686603193
0.26512077294686  0.26512077294686
0.515263644773358  0.515263644773358
0.44350021958717584  0.44350021958717584
0.3178152944804194  0.3178152944804194
0.41659728646315136  0.41659728646315136
0.4765032377428307  0.4765032377428307
0.42553191489361697  0.42553191489361697
0.26313178033807066  0.26313178033807066
0.3599467543653588  0.3599467543653588
0.49923071535811675  0.49923071535811675
