-1.0  -1.0
-1.0  -1.0
-1.4459760925104796  -1.4470055031223
-1.509815596292363  -1.5103845949972705
-0.77281043503092  -0.7732978251150614
-1.6666666666666667  -1.6666666666666667
-1.013352807608206  -1.0143501516471933
-0.16150773293989779  -0.1631922163113546
-0.1568087341003739  -0.15940762648770673
-0.3473862918475679  -0.3519457065508414
-0.2832610372318125  -0.28535705765358915
-0.11448827708063787  -0.1053024974162596
-0.29427052158095507  -0.2972006350670553
-0.4364448499028564  -0.4398679835768957
-0.32768976641939224  -0.32768976641939224
-0.31704787779353066  -0.31704787779353066
-0.2857264190562688  -0.2857264190562688
-0.16006573616265826  -0.16006573616265826
-0.21130002467807582  -0.21130002467807582
-0.23802605035050015  -0.23802605035050015
-0.12244670935320667  -0.12244670935320667
-0.09086615505290692  -0.09086615505290692
-0.1777704662920568  -0.1777704662920568
-0.1022484171407836  -0.1022484171407836
-0.1760194762772875  -0.1760194762772875
-0.11848031082916087  -0.11848031082916087
0.04121158904068848  0.04121158904068848
-0.024513879580549524  -0.024513879580549524
-0.061887257330952634  -0.061887257330952634
-0.1840289931557286  -0.1840289931557286
-0.13026271784986368  -0.13026271784986368
-0.06879411014465567  -0.06879411014465567
-0.015998372018185943  -0.015998372018185943
0.01523695376683761  0.01523695376683761
0.06653920413760975  0.06653920413760975
0.0739042994416647  0.0739042994416647
0.10258738625036547  0.10258738625036547
0.0625448237045532  0.0625448237045532
0.05190227420550651  0.05190227420550651
0.024329313871939633  0.024329313871939633
-0.024833410311269333  -0.024833410311269333
-0.005752733882317188  -0.005752733882317188
0.07201797652886525  0.07201797652886525
0.18871024365380648  0.18871024365380648
0.1325698274082508  0.1325698274082508
0.12741756842301005  0.12741756842301005
0.1700151630170703  0.1700151630170703
0.1793514329831753  0.1793514329831753
0.2010331076325052  0.2010331076325052
0.33177138379528287  0.33177138379528287
0.2125680339703157  0.2125680339703157
0.1398667456216815  0.1398667456216815
0.30532750441614104  0.30532750441614104
0.32623886926585627  0.32623886926585627
0.18650295329939434  0.18650295329939434
0.2906051370710146  0.2906051370710146
0.29943411154821836  0.29943411154821836
0.2890612634900022  0.2890612634900022
0.23831125246622786  0.23831125246622786
0.3416891930472726  0.3416891930472726
0.3619069680940337  0.3619069680940337
0.2222237514097441  0.2222237514097441
0.384958700728596  0.384958700728596
0.3542522923150246  0.3542522923150246
0.17564149428930298  0.17564149428930298
0.30155416785630956  0.30155416785630956
0.31412327302575593  0.31412327302575593
0.16666038071997621  0.16666038071997621
0.1804954635375226  0.1804954635375226
0.24869810553449098  0.24869810553449098
0.20879056407108898  0.20879056407108898
0.0738118433265324  0.0738118433265324
0.2118898089683577  0.2118898089683577
0.06467634373578443  0.06467634373578443
0.10366177173016264  0.10366177173016264
0.09490623047510184  0.09490623047510184
0.14803569262547583  0.14803569262547583
0.10637829795483261  0.10637829795483261
0.07154099869036358  0.07154099869036358
0.12720903262081384  0.12720903262081384
0.1937965922289254  0.1937965922289254
0.09081786851839178  0.09081786851839178
0.1888889974139872  0.1888889974139872
0.1817595137575994  0.1817595137575994
0.11637604947925438  0.11637604947925438
0.09849270655211044  0.09849270655211044
0.11925379976669004  0.11925379976669004
0.10898873193136337  0.10898873193136337
0.09623948283117136  0.09623948283117136
0.12132195242121888  0.12132195242121888
0.09550142516649096  0.09550142516649096
0.06321670377248984  0.06321670377248984
0.10400921193536945  0.10400921193536945
0.03982098208054435  0.03982098208054435
0.029087637663590578  0.029087637663590578
0.06351837313227586  0.06351837313227586
0.059604684303293055  0.059604684303293055
0.0824159892841298  0.0824159892841298
-0.01695254942537277  -0.01695254942537277
-0.0625050336049429  -0.0625050336049429
0.1108698172079205  0.1108698172079205
