0.25  0.25
0.3803011072602344  0.3476403766103347
0.5364786154687948  0.5359959156051983
0.6005888135708297  0.6289494819689329
0.6123155366342932  0.6483221310575209
0.6471788584723207  0.6910976303713313
0.691364667463567  0.747127875748497
0.7001403863434298  0.7717614831820013
0.6901517942098394  0.7716667938016066
0.7063058860193144  0.80465959588337
0.7181506907681168  0.8299331592763343
0.6960646449297312  0.8083466804850342
0.7083115301896717  0.8274753032645304
0.718292563680634  0.8426460914705178
0.7088900740422251  0.8334065156418115
0.7091707237737612  0.8342242481923633
0.7174300013469957  0.8425366121793243
0.7174203228715453  0.8407974421041777
0.7101875262179941  0.8311950777893526
0.7173847535486316  0.8375277034855004
0.7242232378686132  0.8425730503791145
0.7112943093097964  0.8266005483019014
0.717380396691477  0.8312064349879777
0.7231467383497938  0.8349303246383813
0.7169698102217975  0.8268285171389078
0.7164850229019375  0.824844101465026
0.72110756210893  0.828246223059519
0.7204852873917884  0.8264813701740125
0.7155017471181164  0.8198569055043128
0.7201337673676473  0.8236781680957405
0.7244516876030214  0.8270532342711137
0.7155289297969688  0.8162826734191163
0.7199010696167162  0.8197459238290136
0.7241857731380081  0.8225665102183628
0.7203113262889302  0.8165705541610038
0.7206562230246857  0.8151087769370408
0.7248965300826001  0.8177895702865277
0.7250200321338494  0.8164514067967781
0.7215198624711809  0.8113312712910911
0.7254156963962406  0.8137338818068707
0.7293530477701304  0.8159349783982977
0.7227927856061737  0.8075104559496198
0.7267211864846782  0.8098700701660858
0.7305490860642451  0.8119103107064438
0.727646527931931  0.8073543637523958
0.7281195355639645  0.8061994997920124
0.7318294445727318  0.8082128720498412
0.7322189696449305  0.8070617388161795
0.7295700379994241  0.8028666887898522
0.7328376318987112  0.8046264133056928
0.7358558421042535  0.8062955673490433
0.7303757027939713  0.799545485317547
0.7332315288500444  0.8012427804937917
0.7359176021207487  0.8028742552942846
0.7332273860460076  0.7990085719218502
0.7332903327100482  0.7977876689886576
0.7359051867222773  0.79910154136326
0.7359608266892557  0.7978017040175878
0.7335549687906259  0.7941469445928397
0.736086540507814  0.7953776586311436
0.7384997427496701  0.7965876508322843
0.7337778769188859  0.7908233854148113
0.7360783984337996  0.7919289518800219
0.7383607028939813  0.7929962290336998
0.7362035914436218  0.7896642693191362
0.7363167844133307  0.7885576181899691
0.7385998608132285  0.7895631444669261
0.7387269955973713  0.7884603170335227
0.7367632889378197  0.7852993244245549
0.7391084181550132  0.7861518511272506
0.7413581892367166  0.7870151439883971
0.7373256924782512  0.7820590027016925
0.739451231511611  0.782923335672329
0.7415535820736774  0.7839051881770743
0.7396184572839853  0.7811016958776974
0.7396779004195647  0.7802654855441968
0.7416799331880464  0.7813150313458613
0.7417867763948012  0.7805594335473925
0.7400605161000284  0.7780310714660553
0.7421315586263372  0.7791151690829252
0.7441725448549512  0.7801534844632255
0.7407053234242155  0.7760085110980184
0.7427429407261986  0.7771758957716647
0.744718024412175  0.7783558069037734
0.7431443813481047  0.7760927731013365
0.7433655793103748  0.7755075550429092
0.7453206922687722  0.7765618154973389
0.7454756590947519  0.7759158332049405
0.7439078300646905  0.773658417160095
0.7456517004251947  0.7745437898483093
0.7473664789012865  0.7754067043794649
0.7441752749498483  0.7716809244465153
0.7458703687612684  0.7725919037390612
0.7475928591167038  0.7735195539652097
0.7461295945676318  0.7714865905571825
0.7462555881102997  0.771018572727963
0.747924717530577  0.7721165406336933
0.7480011067007056  0.7717340305718335
0.7465834119037741  0.7699168536353783
0.7481833875772843  0.7710549181782488
0.7497308871503239  0.7722070859448013
