0.0  0.0
0.0  0.0
0.4  0.4
0.07142857142857142  0.07142857142857142
1.0  1.0
1.0  1.0
1.0  1.0
1.0  1.0
1.0  1.0
1.0  1.0
1.0  1.0
1.0  1.0
1.0  1.0
1.0  1.0
1.0  1.0
1.0  1.0
1.0  1.0
1.0  1.0
1.0  1.0
1.0  1.0
1.0  1.0
0.8217929470638831  0.8217929470638831
0.7848827295443841  0.7643367123630272
0.731556368398473  0.731556368398473
0.70703212063931  0.70703212063931
0.7803297945058629  0.7803297945058629
0.7419892473118281  0.7419892473118281
0.7243420771173977  0.7243420771173977
0.8004301243620136  0.8004301243620136
0.7555500792692446  0.7555500792692446
0.795648096094802  0.795648096094802
0.7897233170541443  0.7897233170541443
0.7975063964979937  0.7975063964979937
0.8361659707871418  0.8361659707871418
0.7860148225957052  0.7860148225957052
0.8124796692870695  0.8124796692870695
0.8084640955937437  0.8084640955937437
0.7847694569029967  0.7847694569029967
0.7727891156462591  0.7727891156462591
0.8138780834914601  0.8138780834914601
0.8326525624912724  0.8326525624912724
0.8953377902885292  0.8953377902885292
0.9283016654937839  0.9283016654937839
0.8585503166783943  0.8585503166783943
0.904145228972815  0.904145228972815
0.8479485730764929  0.8479485730764929
0.8996054573108438  0.8996054573108438
0.8998517201652625  0.8998517201652625
0.9113663647277075  0.9113663647277075
0.8825159154570922  0.8825159154570922
0.8816336231462272  0.8816336231462272
0.9163605442176863  0.9163605442176863
0.8893607893607889  0.8893607893607889
0.8882944168658442  0.8882944168658442
0.8944346312767362  0.8944346312767362
0.92065637065637  0.92065637065637
0.9105086520875989  0.9105086520875989
0.9190188308609358  0.9190188308609358
0.9185816374914115  0.9185816374914115
0.900240985690464  0.900240985690464
0.9130555858707102  0.9130555858707102
0.9040284582301381  0.9040284582301381
0.9141931416301166  0.9141931416301166
0.9389867075862591  0.9389867075862591
0.9447650335620249  0.9447650335620249
0.9467587888640513  0.9467587888640513
0.970149764451234  0.970149764451234
0.9702175415620784  0.9702175415620784
0.9437629466200889  0.9437629466200889
0.9734964577069838  0.9734964577069838
0.9749140087554725  0.9749140087554725
0.9758423335301223  0.9758423335301223
0.9765381365251707  0.9765381365251707
0.976483151400094  0.976483151400094
0.975941596150655  0.975941596150655
0.9895348837209298  0.9895348837209298
0.9553391053391047  0.9553391053391047
0.9540108728480835  0.9540108728480835
0.9524990257021687  0.9524990257021687
0.9524438476468303  0.9524438476468303
0.9515430133435158  0.9515430133435158
0.9498847191686006  0.9498847191686006
0.9509059233449487  0.9509059233449487
0.9523662896809321  0.9523662896809321
0.9530770447713984  0.9530770447713984
1.0  1.0
0.9771233100281196  0.9771233100281196
0.9748991576898545  0.9748991576898545
0.9773423094151099  0.9773423094151099
0.9780745341614909  0.9780745341614909
0.9780664581589651  0.9780664581589651
0.9799586977648191  0.9799586977648191
0.979354956268221  0.979354956268221
0.978231740892471  0.978231740892471
0.978311087617286  0.978311087617286
1.0  1.0
1.0  1.0
1.0  1.0
1.0  1.0
1.0  1.0
1.0  1.0
