0.0  0.0
0.0  0.0
0.0  0.0
0.0  0.0
0.05885304659498205  0.05885304659498205
0.1987135299828798  0.1987135299828798
0.2779784213673816  0.2779784213673816
0.29694072508026  0.29694072508026
0.3082387552154995  0.3082387552154995
0.1955063705679124  0.1955063705679124
0.18060162007334632  0.18060162007334632
0.22034693264131727  0.22034693264131727
0.10707785268835517  0.10707785268835517
0.2027606598194834  0.2027606598194834
0.21666833116947976  0.21666833116947976
0.11324095408772825  0.11324095408772825
0.24728856224363285  0.24728856224363285
0.21727395411605924  0.21727395411605924
0.25767125463702706  0.25767125463702706
0.21024195442800098  0.21024195442800098
0.14575913570040458  0.14575913570040458
0.17402105216058708  0.17402105216058708
0.13754689754689753  0.13754689754689753
0.13310179652950127  0.13310179652950127
0.14552808379820406  0.14552808379820406
0.1706052775820218  0.1706052775820218
0.1656846540992883  0.1656846540992883
0.098134250573275  0.098134250573275
0.10013783405728954  0.10013783405728954
0.08240521153564637  0.08240521153564637
0.13755461592670887  0.13755461592670887
0.12264625850340141  0.12264625850340141
0.10564452447645728  0.10564452447645728
0.07932026143790853  0.07932026143790853
0.09697959183673475  0.09697959183673475
0.08163265306122454  0.08163265306122454
0.07887643262433178  0.07887643262433178
0.08005442176870751  0.08005442176870751
0.07879738562091501  0.07879738562091501
0.11022222222222228  0.11022222222222228
0.07954221688675472  0.07954221688675472
0.08097959183673473  0.08097959183673473
0.08000000000000003  0.08000000000000003
0.07407407407407401  0.07407407407407401
0.07843137254901959  0.07843137254901959
0.05631585967720419  0.05631585967720419
0.06723712611779215  0.06723712611779215
0.08300525884112515  0.08300525884112515
0.08163265306122454  0.08163265306122454
0.045663265306122455  0.045663265306122455
0.07608163265306125  0.07608163265306125
0.08333333333333333  0.08333333333333333
0.08027210884353744  0.08027210884353744
0.08163265306122454  0.08163265306122454
0.08333333333333333  0.08333333333333333
0.08163265306122454  0.08163265306122454
0.08163265306122454  0.08163265306122454
0.08501901531503754  0.08501901531503754
0.08299319727891157  0.08299319727891157
0.08368794326241136  0.08368794326241136
0.08695652173913042  0.08695652173913042
0.08695652173913042  0.08695652173913042
0.08333333333333333  0.08333333333333333
0.08387007285183577  0.08387007285183577
0.06445887636584077  0.06445887636584077
0.08103401360544221  0.08103401360544221
0.07900653594771241  0.07900653594771241
0.08265306122448982  0.08265306122448982
0.08081632653061228  0.08081632653061228
0.04646113764654798  0.04646113764654798
0.04646113764654798  0.04646113764654798
0.04444444444444444  0.04444444444444444
0.041156462585034026  0.041156462585034026
0.04175652530515753  0.04175652530515753
0.041666666666666664  0.041666666666666664
0.04081632653061227  0.04081632653061227
0.039215686274509796  0.039215686274509796
0.03901458019105077  0.03901458019105077
0.040163265306122464  0.040163265306122464
0.0386375062845651  0.0386375062845651
0.040000000000000015  0.040000000000000015
0.04073469387755104  0.04073469387755104
0.04057142857142859  0.04057142857142859
0.040000000000000015  0.040000000000000015
0.04081632653061227  0.04081632653061227
0.04081632653061227  0.04081632653061227
0.03955555555555556  0.03955555555555556
0.03926797385620915  0.03926797385620915
0.039215686274509796  0.039215686274509796
0.0403888888888889  0.0403888888888889
0.04081632653061227  0.04081632653061227
0.04081632653061227  0.04081632653061227
0.039215686274509796  0.039215686274509796
0.0406292517006803  0.0406292517006803
0.042553191489361694  0.042553191489361694
0.04065306122448982  0.04065306122448982
0.040163265306122464  0.040163265306122464
0.041581632653061223  0.041581632653061223
0.04132653061224491  0.04132653061224491
0.04081632653061227  0.04081632653061227
0.04017393624116315  0.04017393624116315
