0.0  0.0
0.890438175270108  0.890438175270108
0.9969387755102042  0.9969387755102042
1.0  1.0
1.0  1.0
0.9943683719727053  0.9943683719727053
0.9859423457897111  0.9859423457897111
0.9588715422455926  0.9588715422455926
0.9780001715293386  0.9780001715293386
0.9389516654263157  0.9389516654263157
0.9632429669044547  0.9632429669044547
0.9419223756991438  0.9419223756991438
0.9393433479748217  0.9393433479748217
0.9037425659046493  0.9037425659046493
0.845705476788727  0.845705476788727
0.8172448989931187  0.8172448989931187
0.9111517352403461  0.9111517352403461
0.8217313129600381  0.8217313129600381
0.81954308265663  0.81954308265663
0.6884066129167464  0.6884066129167464
0.6547604189525272  0.6547604189525272
0.5752661222236796  0.5752661222236796
0.5776557227334885  0.5776557227334885
0.5387319952688933  0.5387319952688933
0.5909205745611278  0.5909205745611278
0.5870449313479699  0.5870449313479699
0.5823012357460309  0.5823012357460309
0.6163581897812893  0.6163581897812893
0.6575251751522471  0.6575251751522471
0.6410729050125252  0.6410729050125252
0.6278493578391592  0.6278493578391592
0.6167576604575963  0.6167576604575963
0.5591904940844845  0.5591904940844845
0.505825394029685  0.505825394029685
0.5143585246299301  0.5143585246299301
0.512812113185914  0.512812113185914
0.46787481367838435  0.46787481367838435
0.4532980859906499  0.4532980859906499
0.4534387880808997  0.4534387880808997
0.49933871017582876  0.49933871017582876
0.47192130406525196  0.47192130406525196
0.47355533596122884  0.47355533596122884
0.4504656754936603  0.4504656754936603
0.4760668375662464  0.4760668375662464
0.451736659808934  0.451736659808934
0.4550514689977227  0.4550514689977227
0.46674953881110537  0.46674953881110537
0.46634243993495494  0.46634243993495494
0.5097327639686632  0.5097327639686632
0.5137600707749967  0.5137600707749967
0.4801746015178844  0.4801746015178844
0.5004561607546684  0.5004561607546684
0.5027039627039628  0.5027039627039628
0.5068999631001001  0.5068999631001001
0.47859399308068395  0.47859399308068395
0.466132481545506  0.466132481545506
0.44716356107660427  0.44716356107660427
0.4660593138205081  0.4660593138205081
0.47079083807436034  0.47079083807436034
0.48693709275798763  0.48693709275798763
0.47901640864002976  0.47901640864002976
0.4782608695652179  0.4782608695652179
0.46921275973075793  0.46921275973075793
0.48292920672487094  0.48292920672487094
0.46150112608313965  0.46150112608313965
0.4920000918779411  0.4920000918779411
0.49227677502479933  0.49227677502479933
0.5024979498113827  0.5024979498113827
0.5028865082697579  0.5028865082697579
0.4928119433721217  0.4928119433721217
0.4863519976225625  0.4863519976225625
0.488557213930348  0.488557213930348
0.49089592063596726  0.49089592063596726
0.48446056431131057  0.48446056431131057
0.4436853002070392  0.4436853002070392
0.41597421016209396  0.41597421016209396
0.42411529062099723  0.42411529062099723
0.4358137399621153  0.4358137399621153
0.4497668254364678  0.4497668254364678
0.4566698320214739  0.4566698320214739
0.46250917614723497  0.46250917614723497
0.49319859912580477  0.49319859912580477
0.47999634636463234  0.47999634636463234
0.4679045171977562  0.4679045171977562
0.4852941176470582  0.4852941176470582
0.45697353568293025  0.45697353568293025
0.486709901351845  0.486709901351845
0.4826384981459994  0.4826384981459994
0.45288136445068294  0.45288136445068294
0.44398348213098043  0.44398348213098043
0.4563252205489586  0.4563252205489586
0.45334916575325757  0.45334916575325757
0.48001997684213193  0.48001997684213193
0.4984734711535489  0.4984734711535489
0.4574417702896156  0.4574417702896156
0.4297953964194372  0.4297953964194372
0.44552238805970173  0.44552238805970173
0.44753457692439247  0.44753457692439247
0.4364320408123134  0.4364320408123134
0.46688824783644817  0.46688824783644817
0.44379154646933416  0.44379154646933416
