0.0  0.0
0.0  0.0
0.06524582114796335  0.06636886040991997
0.0020293187697614256  0.002058562555456965
0.19538418360235837  0.19804640093989448
0.4426952514648586  0.4427673235369307
0.3647832851262172  0.3647832851262172
0.3465401580968757  0.3465401580968757
0.24631731061508003  0.24631731061508003
0.26150773968649954  0.26150773968649954
0.24493797092163372  0.24493797092163372
0.3287819376175222  0.3287819376175222
0.4045734791713986  0.4045734791713986
0.44473869223316453  0.44473869223316453
0.3983355702797616  0.3983355702797616
0.3975741275108344  0.3975741275108344
0.474085224184938  0.474085224184938
0.44755957180850414  0.44755957180850414
0.45807195853809474  0.45807195853809474
0.5093535296403086  0.5093535296403086
0.5301743610986093  0.5301743610986093
0.5058621352017255  0.5058621352017255
0.565826909114279  0.5604001743604752
0.5184618786033455  0.5184618786033455
0.5346379464827608  0.5346379464827608
0.48096014037704504  0.48096014037704504
0.472642711087797  0.472642711087797
0.5169062596140163  0.5169062596140163
0.5804318639345672  0.5804318639345672
0.4988245845216115  0.4988245845216115
0.5611549873728979  0.5611549873728979
0.5550227962732762  0.5550227962732762
0.5321150049714375  0.5321150049714375
0.5435258206347786  0.5435258206347786
0.5183130418182772  0.5183130418182772
0.5291152149483885  0.5291152149483885
0.5039806827020807  0.5039806827020807
0.5100334042543998  0.5100334042543998
0.5277530579072558  0.5277530579072558
0.5335273970400755  0.5335273970400755
0.5535383832537645  0.5535383832537645
0.5370900739224679  0.5370900739224679
0.5428000853196824  0.5428000853196824
0.5060108712502911  0.5060108712502911
0.5363331167982069  0.5363331167982069
0.5208463022527091  0.5208463022527091
0.5471878449063378  0.5471878449063378
0.5594579724250113  0.5594579724250113
0.6102566700617964  0.6102566700617964
0.5885840599115673  0.5885840599115673
0.5899200011689011  0.5899200011689011
0.6366878790351085  0.6366878790351085
0.627143811776073  0.627143811776073
0.6180276159312746  0.6180276159312746
0.6286916460485829  0.6286916460485829
0.6589985523121525  0.6589985523121525
0.6487437915569578  0.6487437915569578
0.6549459242434077  0.6549459242434077
0.6426308580099535  0.6426308580099535
0.6030722478749899  0.6030722478749899
0.6332831030450589  0.6332831030450589
0.62398328082223  0.62398328082223
0.6241558100134175  0.6241558100134175
0.6249442241349374  0.6249442241349374
0.6605213403015888  0.6605213403015888
0.6766017001866051  0.6766017001866051
0.6392230910770335  0.6392230910770335
0.6530848750249071  0.6530848750249071
0.661208473336021  0.661208473336021
0.6985828790038195  0.6985828790038195
0.7239283495002677  0.7239283495002677
0.7358811079824278  0.7358811079824278
0.7501598577834677  0.7501598577834677
0.7411829022448491  0.7411829022448491
0.7447406669562208  0.7447406669562208
0.7624936565303541  0.7624936565303541
0.7493333757633795  0.7493333757633795
0.7444396833334888  0.7444396833334888
0.7332885270647681  0.7332885270647681
0.7344262980960217  0.7344262980960217
0.7239827518634492  0.7239827518634492
0.712965826579527  0.712965826579527
0.7241323144414987  0.7241323144414987
0.7406294821318625  0.7406294821318625
0.7501489351959041  0.7501489351959041
0.7833003601262204  0.7833003601262204
0.7781298538273067  0.7781298538273067
0.7805461816964318  0.7805461816964318
0.7773347841516115  0.7773347841516115
0.7913295718479622  0.7913295718479622
0.8027712546391446  0.8027712546391446
0.8248199691417856  0.8248199691417856
0.8236474995584926  0.8236474995584926
0.8054593383808479  0.8054593383808479
0.8050714333241455  0.8050714333241455
0.8222743151314575  0.8222743151314575
0.8131827672848363  0.8131827672848363
0.8188628176002581  0.8188628176002581
0.8159743350096208  0.8159743350096208
0.8375027321504084  0.8375027321504084
0.8372308210239809  0.8372308210239809
