0.0  0.0
0.0  0.0
0.0  0.0
0.0  0.0
0.0  0.0
0.0  0.0
0.0  0.0
0.0  0.0
0.0  0.0
0.0  0.0
0.0  0.0
0.0  0.0
0.0  0.0
0.0  0.0
0.0  0.0
0.0  0.0
0.0  0.0
0.0  0.0
0.0  0.0
0.0  0.0
0.0  0.0
0.1998392348392346  0.2214779785431959
0.2839054395704642  0.30844475721323017
0.3450973492845416  0.3450973492845416
0.4196079964552878  0.4196079964552878
0.26301098901098896  0.26301098901098896
0.3019943019943021  0.3019943019943021
0.3415728360309643  0.3415728360309643
0.26780626780626815  0.26780626780626815
0.28318085855031666  0.28318085855031666
0.2703754829370591  0.2703754829370591
0.2840281411709982  0.2840281411709982
0.2419540229885059  0.2419540229885059
0.1856263194933148  0.1856263194933148
0.24246305418719208  0.24246305418719208
0.20943779810774923  0.20943779810774923
0.20223434201266732  0.20223434201266732
0.2413793103448275  0.2413793103448275
0.26666666666666683  0.26666666666666683
0.19999999999999973  0.19999999999999973
0.18384236453201952  0.18384236453201952
0.09999999999999987  0.09999999999999987
0.07107670654468685  0.07107670654468685
0.13333333333333341  0.13333333333333341
0.09717595850600771  0.09717595850600771
0.15558292282430206  0.15558292282430206
0.09999999999999987  0.09999999999999987
0.10216748768472896  0.10216748768472896
0.09999999999999987  0.09999999999999987
0.13333333333333341  0.13333333333333341
0.1329064039408868  0.1329064039408868
0.09999999999999987  0.09999999999999987
0.1379310344827586  0.1379310344827586
0.13333333333333341  0.13333333333333341
0.13333333333333341  0.13333333333333341
0.09999999999999987  0.09999999999999987
0.11155993431855522  0.11155993431855522
0.09999999999999987  0.09999999999999987
0.10118226600985226  0.10118226600985226
0.10899835796387541  0.10899835796387541
0.09999999999999987  0.09999999999999987
0.11582922824302153  0.11582922824302153
0.09999999999999987  0.09999999999999987
0.06666666666666671  0.06666666666666671
0.06666666666666671  0.06666666666666671
0.06666666666666671  0.06666666666666671
0.03433497536945813  0.03433497536945813
0.03448275862068965  0.03448275862068965
0.06666666666666671  0.06666666666666671
0.033333333333333354  0.033333333333333354
0.0336945812807882  0.0336945812807882
0.033333333333333354  0.033333333333333354
0.03448275862068965  0.03448275862068965
0.033333333333333354  0.033333333333333354
0.033579638752052575  0.033579638752052575
0.015270935960591129  0.015270935960591129
0.06666666666666671  0.06666666666666671
0.06666666666666671  0.06666666666666671
0.06666666666666671  0.06666666666666671
0.06834154351395733  0.06834154351395733
0.0689655172413793  0.0689655172413793
0.0689655172413793  0.0689655172413793
0.06857142857142857  0.06857142857142857
0.06666666666666671  0.06666666666666671
0.06666666666666671  0.06666666666666671
0.0  0.0
0.033481116584564874  0.033481116584564874
0.03730706075533665  0.03730706075533665
0.033333333333333354  0.033333333333333354
0.033333333333333354  0.033333333333333354
0.033333333333333354  0.033333333333333354
0.033333333333333354  0.033333333333333354
0.033333333333333354  0.033333333333333354
0.033333333333333354  0.033333333333333354
0.033333333333333354  0.033333333333333354
0.0  0.0
0.0  0.0
0.0  0.0
0.0  0.0
0.0  0.0
0.0  0.0
