0.0  0.0
0.0  0.0
0.0  0.0
0.0  0.0
0.9  0.9
0.458483645983646  0.458483645983646
0.5803367003367003  0.5803367003367003
0.47448717948717944  0.47448717948717944
0.4823076923076923  0.4823076923076923
0.37562409812409814  0.37562409812409814
0.3305619380619382  0.3305619380619382
0.4097319347319347  0.4097319347319347
0.1863595663595663  0.1863595663595663
0.6166666666666667  0.6166666666666667
0.47783068783068766  0.47783068783068766
0.5133333333333333  0.5133333333333333
0.48303872053872055  0.48303872053872055
0.4090909090909093  0.4090909090909093
0.37936274509803936  0.37936274509803936
0.319047619047619  0.319047619047619
0.21436220642103004  0.21436220642103004
0.29063492063492047  0.29063492063492047
0.2142124542124543  0.2142124542124543
0.18707633053221287  0.18707633053221287
0.2072794117647059  0.2072794117647059
0.24944444444444444  0.24944444444444444
0.2744949494949494  0.2744949494949494
0.1798989898989899  0.1798989898989899
0.15604395604395604  0.15604395604395604
0.12224206349206349  0.12224206349206349
0.2207692307692308  0.2207692307692308
0.15871345029239767  0.15871345029239767
0.1303453077137287  0.1303453077137287
0.09793650793650799  0.09793650793650799
0.12315789473684204  0.12315789473684204
0.10526315789473677  0.10526315789473677
0.09670691881218199  0.09670691881218199
0.10017543859649126  0.10017543859649126
0.0963492063492064  0.0963492063492064
0.13807017543859645  0.13807017543859645
0.0962481962481963  0.0962481962481963
0.10315789473684206  0.10315789473684206
0.10000000000000005  0.10000000000000005
0.08333333333333333  0.08333333333333333
0.0952380952380953  0.0952380952380953
0.06949874686716795  0.06949874686716795
0.09019607843137258  0.09019607843137258
0.11005618621717692  0.11005618621717692
0.10526315789473677  0.10526315789473677
0.0605263157894737  0.0605263157894737
0.0952631578947369  0.0952631578947369
0.11111111111111115  0.11111111111111115
0.10087719298245615  0.10087719298245615
0.10526315789473677  0.10526315789473677
0.11111111111111115  0.11111111111111115
0.10526315789473677  0.10526315789473677
0.10526315789473677  0.10526315789473677
0.1175381263616558  0.1175381263616558
0.10994152046783628  0.10994152046783628
0.1124183006535948  0.1124183006535948
0.125  0.125
0.125  0.125
0.11111111111111115  0.11111111111111115
0.1131177617245729  0.1131177617245729
0.08645224171539963  0.08645224171539963
0.10333333333333333  0.10333333333333333
0.09698412698412703  0.09698412698412703
0.10877192982456137  0.10877192982456137
0.10263157894736842  0.10263157894736842
0.0605263157894737  0.0605263157894737
0.0605263157894737  0.0605263157894737
0.0625  0.0625
0.05380116959064327  0.05380116959064327
0.05589381951611055  0.05589381951611055
0.05555555555555557  0.05555555555555557
0.05263157894736838  0.05263157894736838
0.04761904761904765  0.04761904761904765
0.04704184704184708  0.04704184704184708
0.05052631578947371  0.05052631578947371
0.045959595959595964  0.045959595959595964
0.050000000000000024  0.050000000000000024
0.052368421052631536  0.052368421052631536
0.05184210526315785  0.05184210526315785
0.050000000000000024  0.050000000000000024
0.05263157894736838  0.05263157894736838
0.05263157894736838  0.05263157894736838
0.04865079365079368  0.04865079365079368
0.04777777777777781  0.04777777777777781
0.04761904761904765  0.04761904761904765
0.05129629629629631  0.05129629629629631
0.05263157894736838  0.05263157894736838
0.05263157894736838  0.05263157894736838
0.04761904761904765  0.04761904761904765
0.052046783625730966  0.052046783625730966
0.05882352941176471  0.05882352941176471
0.052105263157894696  0.052105263157894696
0.05052631578947371  0.05052631578947371
0.055263157894736854  0.055263157894736854
0.054385964912280683  0.054385964912280683
0.05263157894736838  0.05263157894736838
0.05060985797827901  0.05060985797827901
