0.6511340682081248  0.6511340682081248
0.4719054742987812  0.4719054742987812
0.630781129680097  0.630781129680097
0.6298079156615728  0.6298079156615728
0.5248109086894951  0.5248109086894951
0.5548097717052182  0.5548097717052182
0.5789335546036934  0.5789335546036934
0.5218629903859839  0.5218629903859839
0.4753018703372769  0.4753018703372769
0.6133779808922073  0.6133779808922073
0.6451117366897505  0.6451117366897505
0.472693613019818  0.472693613019818
0.6910353025008221  0.6910353025008221
0.6700906240678345  0.6700906240678345
0.5292510840144409  0.5292510840144409
0.6200910200910194  0.6200910200910194
0.7225446776333873  0.7225446776333873
0.6471470032201242  0.6471470032201242
0.6035416941984929  0.6035416941984929
0.7621272893343466  0.7621272893343466
0.7446763805215569  0.7446763805215569
0.5394401669926364  0.5394401669926364
0.7564617730354352  0.7564617730354352
0.7305262890933691  0.7305262890933691
0.5715025052928413  0.5715025052928413
0.664315847438906  0.664315847438906
0.7317987005026817  0.7317987005026817
0.6706922484112058  0.6706922484112058
0.6041231663803349  0.6041231663803349
0.7750985117743484  0.7750985117743484
0.7895542981164243  0.7895542981164243
0.5684644860356957  0.5684644860356957
