0.0  0.0
0.6822544012638952  0.6861745239958265
0.693877551020408  0.6999999999999996
0.6942916354460037  0.7004452902685596
0.7041345962783742  0.7101118669690095
0.682852123069607  0.6894628234340243
0.7179236032325422  0.7179236032325422
0.6909228337799763  0.6909228337799763
0.6873570039790199  0.6873570039790199
0.6865976064140403  0.6865976064140403
0.6726312427371011  0.6726312427371011
0.6741287412458642  0.6741287412458642
0.6286575938039488  0.6286575938039488
0.7058782816971508  0.7058782816971508
0.7005516740127629  0.7005516740127629
0.7074480238946422  0.7074480238946422
0.6849063906279659  0.6849063906279659
0.693252923370744  0.693252923370744
0.6580097560215381  0.6580097560215381
0.6442464160505394  0.6442464160505394
0.603321060382916  0.603321060382916
0.6231449986702454  0.6231449986702454
0.5996832346492489  0.5996832346492489
0.5895993256568732  0.5895993256568732
0.5960659934076723  0.5960659934076723
0.6243214811697874  0.6243214811697874
0.6504757114004945  0.6504757114004945
0.6215910419150478  0.6215910419150478
0.6037787825481121  0.6037787825481121
0.5845117845117844  0.5845117845117844
0.6137892508612315  0.6137892508612315
0.5611878657534033  0.5611878657534033
0.5436030123806261  0.5436030123806261
0.5201532073310424  0.5201532073310424
0.5481240981240979  0.5481240981240979
0.5465151515151514  0.5465151515151514
0.5213514271688056  0.5213514271688056
0.5347454133168416  0.5347454133168416
0.5216600042078688  0.5216600042078688
0.5451317296678121  0.5451317296678121
0.52418604039554  0.52418604039554
0.5343680156640392  0.5343680156640392
0.5157894736842104  0.5157894736842104
0.48979591836734715  0.48979591836734715
0.5210540781969356  0.5210540781969356
0.5237075196246969  0.5237075196246969
0.5517015374305507  0.5517015374305507
0.5504913076341644  0.5504913076341644
0.5448361162646873  0.5448361162646873
0.5332027760599191  0.5332027760599191
0.529591836734694  0.529591836734694
0.5555555555555555  0.5555555555555555
0.5409090909090907  0.5409090909090907
0.5500000000000003  0.5500000000000003
0.5506681939671629  0.5506681939671629
0.5454545454545451  0.5454545454545451
0.540816326530612  0.540816326530612
0.5560282651072124  0.5560282651072124
0.5440148911798396  0.5440148911798396
0.5590597127739987  0.5590597127739987
0.5714285714285713  0.5714285714285713
0.5714285714285713  0.5714285714285713
0.5510204081632648  0.5510204081632648
0.5572637944066515  0.5572637944066515
0.5461557506476503  0.5461557506476503
0.530692895714987  0.530692895714987
0.5319629629629626  0.5319629629629626
0.5430590621128174  0.5430590621128174
0.523574561403509  0.523574561403509
0.5357603092783505  0.5357603092783505
0.5385844825277813  0.5385844825277813
0.556701030927835  0.556701030927835
0.5248058819487391  0.5248058819487391
0.5359034563320274  0.5359034563320274
0.5296343537414967  0.5296343537414967
0.5252525252525255  0.5252525252525255
0.4957044673539519  0.4957044673539519
0.5037037037037038  0.5037037037037038
0.5053481265448846  0.5053481265448846
0.5011784511784512  0.5011784511784512
0.5102040816326529  0.5102040816326529
0.5222536794057415  0.5222536794057415
0.5218992647564079  0.5218992647564079
0.5136672850958566  0.5136672850958566
0.5277845117845115  0.5277845117845115
0.5154639175257731  0.5154639175257731
0.5054318697175838  0.5054318697175838
0.5103434343434342  0.5103434343434342
0.5050505050505051  0.5050505050505051
0.5176299073206292  0.5176299073206292
0.5204081632653064  0.5204081632653064
0.519913738691353  0.519913738691353
0.5050505050505051  0.5050505050505051
0.522098536384251  0.522098536384251
0.5428230336183205  0.5428230336183205
0.5193568336425483  0.5193568336425483
0.5062070446735395  0.5062070446735395
0.530076272933416  0.530076272933416
0.5284683570397859  0.5284683570397859
0.5154639175257731  0.5154639175257731
0.5188215488215492  0.5188215488215492
