0.0  0.0
0.024193548387096774  0.025396825396825397
0.0  0.0
0.0  0.0
0.0  0.0
0.06875568823796435  0.0667015729750012
0.05532591578703729  0.05532591578703729
0.10286302926967891  0.10286302926967891
0.10819387908940147  0.10819387908940147
0.08095366575631488  0.08095366575631488
0.10327154046091329  0.10327154046091329
0.09665563773343291  0.09665563773343291
0.1367896239179211  0.1367896239179211
0.033927564972341076  0.033927564972341076
0.061366330114135205  0.061366330114135205
0.02323440535831267  0.02323440535831267
0.08176139241574933  0.08176139241574933
0.08616977225672874  0.08616977225672874
0.1399001369961785  0.1399001369961785
0.14456289978678036  0.14456289978678036
0.1788199757514947  0.1788199757514947
0.1451102037896392  0.1451102037896392
0.1714426456939697  0.1714426456939697
0.19754684772353776  0.19754684772353776
0.18975975736291792  0.18975975736291792
0.16540920716112534  0.16540920716112534
0.12962086413626667  0.12962086413626667
0.13527283369250004  0.13527283369250004
0.16986359761295816  0.16986359761295816
0.18840579710144925  0.18840579710144925
0.15756220447788186  0.15756220447788186
0.2348073146628326  0.2348073146628326
0.25749131579951906  0.25749131579951906
0.2760741745816373  0.2760741745816373
0.24746376811594217  0.24746376811594217
0.24555555555555567  0.24555555555555567
0.27694615159496627  0.27694615159496627
0.26114663256607  0.26114663256607
0.27690225343868885  0.27690225343868885
0.2537313432835821  0.2537313432835821
0.2772191896442765  0.2772191896442765
0.2577445254545686  0.2577445254545686
0.2769230769230769  0.2769230769230769
0.3235294117647059  0.3235294117647059
0.2788718385905086  0.2788718385905086
0.2708942499777329  0.2708942499777329
0.2326959769415013  0.2326959769415013
0.23709860755896564  0.23709860755896564
0.24685990338164263  0.24685990338164263
0.248792270531401  0.248792270531401
0.2647058823529412  0.2647058823529412
0.23188405797101458  0.23188405797101458
0.25534851621808147  0.25534851621808147
0.24285714285714285  0.24285714285714285
0.23557574446607535  0.23557574446607535
0.24637681159420305  0.24637681159420305
0.25  0.25
0.22466943684334995  0.22466943684334995
0.24203226292778518  0.24203226292778518
0.22785815775585602  0.22785815775585602
0.20588235294117657  0.20588235294117657
0.20588235294117657  0.20588235294117657
0.23529411764705885  0.23529411764705885
0.22847379531522763  0.22847379531522763
0.2382783440003734  0.2382783440003734
0.260464167575669  0.260464167575669
0.26755693581780543  0.26755693581780543
0.24412784562038287  0.24412784562038287
0.26713286713286705  0.26713286713286705
0.2506218905472637  0.2506218905472637
0.24844437234119265  0.24844437234119265
0.22058823529411772  0.22058823529411772
0.2585819835180449  0.2585819835180449
0.2452579872528723  0.2452579872528723
0.25075757575757573  0.25075757575757573
0.2608695652173914  0.2608695652173914
0.2977758267486098  0.2977758267486098
0.2925603864734301  0.2925603864734301
0.2821104268865462  0.2821104268865462
0.2976328502415458  0.2976328502415458
0.2794117647058823  0.2794117647058823
0.26393133148486825  0.26393133148486825
0.26547314578005127  0.26547314578005127
0.2765771526001705  0.2765771526001705
0.2588819875776397  0.2588819875776397
0.26865671641791056  0.26865671641791056
0.2868925831202046  0.2868925831202046
0.28502415458937197  0.28502415458937197
0.2898550724637683  0.2898550724637683
0.27031509121061364  0.27031509121061364
0.2647058823529412  0.2647058823529412
0.26510096575943815  0.26510096575943815
0.2898550724637683  0.2898550724637683
0.2648692810457517  0.2648692810457517
0.23381981821497805  0.23381981821497805
0.26683716965046883  0.26683716965046883
0.2814111261872455  0.2814111261872455
0.2510869565217392  0.2510869565217392
0.2543478260869566  0.2543478260869566
0.26865671641791056  0.26865671641791056
0.2710835058661146  0.2710835058661146
