0.7392769823494911  0.7392769823494911
0.5253603241350804  0.5253603241350804
0.7294119071311082  0.7294119071311082
0.7305489186246328  0.7305489186246328
0.591125268067075  0.591125268067075
0.6477490409094689  0.6477490409094689
0.7015832896844029  0.7015832896844029
0.6298765534322859  0.6298765534322859
0.5652000387841724  0.5652000387841724
0.719691150890195  0.719691150890195
0.7334366580247443  0.7334366580247443
0.5188577023883152  0.5188577023883152
0.7535639574772777  0.7535639574772777
0.7520825109777666  0.7520825109777666
0.5951285794272912  0.5951285794272912
0.6800787529498336  0.6800787529498336
0.7735159445132093  0.7735159445132093
0.6968557017412049  0.6968557017412049
0.6329770003239401  0.6329770003239401
0.7988111518539665  0.7988111518539665
0.7876747747454411  0.7876747747454411
0.5607778661248046  0.5607778661248046
0.7924846128927774  0.7924846128927774
0.7830101597658398  0.7830101597658398
0.6178567803371251  0.6178567803371251
0.7065908561510026  0.7065908561510026
0.7785519119617333  0.7785519119617333
0.7071895960597837  0.7071895960597837
0.6332361516034998  0.6332361516034998
0.8024324881467746  0.8024324881467746
0.8116176046176047  0.8116176046176047
0.578249845392702  0.578249845392702
