0.25  0.25
0.1690476348137705  0.3831969571640011
0.1267857351594153  0.41238711886379703
0.10142859723688423  0.39942611376410364
0.08452383751849582  0.3861790171302184
0.07244900864530522  0.37295985918340385
0.0633928873098459  0.35913744014573806
0.05634923739316948  0.34732464173780775
0.05071431761780942  0.33832846237777303
0.046103928546580984  0.33100930186721167
0.042261937706583715  0.32497343538704365
0.03901102231415184  0.31889828686405625
0.03622452332376004  0.3128760120650099
0.03380955741175497  0.3073765585278251
0.031696462243281764  0.3022862542498206
0.029831966496631983  0.2974858372159772
0.02817463688856555  0.29328891774024635
0.026691763031298978  0.2898592839323028
0.025357176589775657  0.2868231415787831
0.02414969355953659  0.2836736919064538
0.0230519817567948  0.2807007163225096
0.03635508536933972  0.27828909013820174
0.0556289884179939  0.2757345488635257
0.07235206301424663  0.27342924768738164
0.08746093605146495  0.2713710915751853
0.10238707960393213  0.26964921430059324
0.11795334393832876  0.26821412264444733
0.13281020870585655  0.2667532236347989
0.1457719555415326  0.2652979888523191
0.15832071334182432  0.26397616211541414
0.17058739173036913  0.26282556140502106
0.1817844847171179  0.26178309151867174
0.1925754117481852  0.26094525035374994
0.2027003210243575  0.26014664709054414
0.21233432294315313  0.2594426116085149
0.2212532025804276  0.25877581388003623
0.230032248272738  0.2581880313698911
0.238165066664333  0.25764543973212156
0.24558967305955914  0.25712081145895016
0.2520494247088707  0.25662055550310575
0.2585012024042614  0.25616845132723487
0.26437234652306474  0.25582767650647786
0.2699662069486369  0.2555842505288098
0.27542619400447477  0.2553778760918998
0.28058163040476164  0.25522377267641083
0.285579797214165  0.25512611223031717
0.29046011399423843  0.25507397926176384
0.2950289445887517  0.25505725758738995
0.2992591684332721  0.2550420384210577
0.30350080019676223  0.25507054582822347
0.30753181746920133  0.2551311903075242
0.3113738307275883  0.25518923647361513
0.3151114341710918  0.2552357188931286
0.31856267795308457  0.2553023617107089
0.3218944598535885  0.2553391490370123
0.32514472239396375  0.25539483074718494
0.3282579831770833  0.2554336667016505
0.33120647730241576  0.2554673725550984
0.3341121144081657  0.2554786737720561
0.3368397003248724  0.25551200674671093
0.33947340144471794  0.25553874709793206
0.34205189620594006  0.2556033289614454
0.34462620376542275  0.25565803910548446
0.3470930999257363  0.2557661145049181
0.3495304889802042  0.25593539969147855
0.3519331466072786  0.25610995814118054
0.354344882483301  0.2562824880008352
0.35661741861209323  0.256448591972412
0.3588022345307048  0.2565744242990393
0.3608860547039574  0.2566827976196206
0.362931079946363  0.2567922477429722
0.3649376427628712  0.2569378504191388
0.3669410012971915  0.2570714540108982
0.36888744345374996  0.25717927010054037
0.37077701773348515  0.2572938698210025
0.3726914221184354  0.25740991008126135
0.37456910916271435  0.2575186763561588
0.3764248210628935  0.25761971543939555
0.3782899568490339  0.25771170590815873
0.3801342719828569  0.25778415630406964
0.3819284292358368  0.2578351708485169
0.3836909593408176  0.2578923801593972
0.38532937374330517  0.25794127613394485
0.38690030307360207  0.257985062161533
0.38844472774485295  0.2580406823434438
0.3899248233605637  0.2580859281641858
0.3913834709427854  0.2581324466348742
0.39278285223095766  0.2581931484778168
0.39417208292176503  0.25825953339141206
0.39556011549362174  0.258337670693298
0.39694547484082265  0.2584174566433303
0.39835068707789784  0.2584919479021623
0.3997496748605496  0.2585749042471762
0.40114972336226806  0.2586557089032466
0.4025248337434539  0.25873897553571806
0.40385725144766765  0.25881520854909323
0.4051604073787744  0.25889079705716367
0.40643179945538677  0.2589705545139938
0.40765796562462225  0.25905980285174
0.408890643353941  0.2591546230699511
0.4101361238011721  0.2592495335481221
