0.25  0.25
0.30349739750570515  0.39524216034402193
0.31726875463725157  0.448811874065361
0.32620284223829227  0.4676896460147565
0.3284989544533978  0.4756108404459598
0.33221374124145825  0.4858023430528573
0.33301798424349094  0.49147632275226594
0.33724080055251016  0.49496218968486433
0.3416953563907047  0.49847003417323227
0.34661362342176355  0.5020670705905099
0.3520858365923941  0.5034555608820527
0.3568677634892034  0.5030037397376192
0.36062856667655324  0.502668557631095
0.36500518380238683  0.5021096923248624
0.368873991949558  0.5014071924840056
0.37219192957269553  0.5006936046728259
0.37535177168504497  0.5005479836917942
0.37799697227162715  0.5000996754425746
0.37998027138191565  0.49919588788236896
0.38152604338061225  0.4987111783306896
0.38273940396153194  0.4987612458682507
0.3837100054551111  0.4987302568422491
0.38449438039947675  0.4985798107308195
0.3852622062459686  0.49868877514395443
0.38583516544857627  0.49878948302375176
0.38630735619607576  0.4988350532965928
0.3868779970363221  0.4989372036450272
0.38740397927466846  0.49878910909586666
0.3878031753424849  0.4987330815620456
0.3881646882365731  0.49865263981553426
0.3884533246750164  0.4987348942674538
0.38895630283388555  0.49877743787014217
0.3894771952420783  0.4989715341293625
0.3899744878130125  0.4992360661367058
0.3904275169746351  0.4993131699527035
0.3908800390266634  0.49938376708199295
0.39141882005419004  0.499438834459799
0.3918755152087396  0.49949004780790485
0.3921886629276768  0.49955614173803364
0.39256488080768226  0.49961827869079495
0.39285922888787317  0.4997327839108257
0.3932261626621219  0.49983376173844873
0.3936273320159131  0.49998557688028944
0.39411962274521606  0.5001379464605211
0.39458821281962625  0.5001479826616704
0.3950279408997865  0.5002558975779879
0.39548606673799735  0.50040397232586
0.3959529868328462  0.500584190509782
0.3962882950904184  0.5008423738618195
0.3965901127675145  0.5011129361074979
0.39693525333853125  0.5013588493793091
0.39718445712240036  0.5015661827485306
0.39739533948577604  0.5017331068987213
0.3976853551724827  0.5018991795843354
0.3979403068665352  0.5019640352642596
0.3981776343366077  0.5021089165254364
0.3984197346699003  0.5022042309245045
0.39862842577744917  0.5023152217312551
0.3988431784543412  0.5023759782802467
0.39901111856142185  0.5024196830280278
0.3992004856024701  0.5024470743835506
0.39940116655607116  0.502474140892709
0.399541556411742  0.5024704724412069
0.3996509120945687  0.5024392869414368
0.39980886551376854  0.5023961126221047
0.3999917798066159  0.5023987578462484
0.4000876420496491  0.5024143540770637
0.400258372917435  0.502431329269425
0.4004491751118028  0.5024624878550071
0.4006591200765592  0.5025173767431566
0.40084619625216794  0.502539052309519
0.4010071907568897  0.5025713780612909
0.40122390390366397  0.5026536639018006
0.40144485779009437  0.5026916271212544
0.40162432267481263  0.5027547184649074
0.4018031682451021  0.5028348680587906
0.40196927443690944  0.5028941347214747
0.4021711758513336  0.502950728031019
0.40240343784105154  0.5029934740000349
0.4026385262457303  0.5030463951594357
0.4028782471499427  0.5031114611909152
0.4031025645233376  0.5031760484523093
0.4032917525403498  0.503217525025264
0.4034819650023697  0.5032550079028919
0.40365314292598675  0.5033091196418178
0.40380256598643144  0.5033629772474695
0.4039570264255473  0.5034345522670841
0.4040997513621961  0.5034915746352139
0.4042073505558572  0.5035592865042011
0.4043150414078357  0.5036264115016523
0.4044350520890017  0.503679992185167
0.40458216308514283  0.5037186693310425
0.4047180050080956  0.5037451042357862
0.4048266967160863  0.5037661930511536
0.4049394345477024  0.5037783433920756
0.40507963611732334  0.5037955236461772
0.40519401297651364  0.5038274337423321
0.40531684945097135  0.5038892282096269
0.4054237575333882  0.5039810013741092
0.4055401862435034  0.5040674460556271
0.4056688701904561  0.5041386135076711
