-1.0  -1.0
-1.0  -1.0
-1.185756651668005  -1.4494750840490973
-0.30998780820746397  -0.2606869532004616
-0.10565381472949892  0.1083940142910546
-0.053910952192236926  0.11794471399599064
-0.14836867632999207  0.22715165834887915
-0.09843507666088942  0.200777887715978
-0.10108555213993835  0.31210361549299787
-0.11278172671255486  0.44010818819492264
-0.10588916686808587  0.4382015776115592
-0.04573970515834144  0.2181728304149256
-0.03211459526507784  0.4410949639746665
-0.045890356238860015  0.45684213930844714
-0.04545975327074544  0.329600509833412
5.186422602623984E-4  0.3759244080239622
0.06331169494523813  0.5834746478091293
0.07322793523800492  0.519625747263706
0.024896381237382935  0.501604107562461
0.041904265656980536  0.7780522816142288
0.08036644051584037  0.7153928708773153
2.330185053488226E-4  0.3422998889570448
-0.029882444386542386  0.6629402134999064
-0.06383681756873745  0.6669861687913655
-0.030896499668927713  0.56907028261837
-0.0066130845673903925  0.7664534693431089
-0.013640710792992143  0.9748776447589343
-0.060345886054015765  0.8510650944371914
-0.04800763740173945  0.654168503549028
-0.016601412143494965  0.9738446207191307
-0.022256785734203668  0.8897101176808345
0.036180332040267084  0.48475413412556895
0.07955104054664537  0.9251328561124904
0.19046424664165146  0.987262821764024
0.12696452179351622  0.6550539724899631
0.1533388866351387  0.7927459851889348
0.09600807319069254  0.8759206673217073
0.06296257556608004  0.6311207604076304
0.09116060342701698  0.5842242003917071
0.16576199669305297  0.9515727037319276
0.16402377522539688  0.9671210923196534
0.0835239073653584  0.5247091817517002
0.15163191272616888  1.0161065253579218
0.1107399591496611  0.9979131111846146
0.07425654025371406  0.6415989020765703
0.11688827418601273  0.9110428433078426
0.11985697861189858  1.000350194205601
0.09561248595743818  0.8184803854297281
0.06301899624401477  0.6899890404066996
0.11195678485510979  0.8725690319862593
0.13270279918014627  0.8668426292724507
