0.0  0.0
0.0  0.0
0.17602579790948097  0.38492063492063494
0.2889644311374531  0.8965812063943388
0.28140060417510365  0.5525101147353931
0.42407908807287875  0.6249933644738872
0.44509168545528915  0.803020844714479
0.3921865515235158  0.671594980714812
0.2877460728391568  0.6353882918034981
0.4591032109613136  0.9064722921921933
0.48042846661578653  0.9010140611164594
0.24417067632986023  0.43974898545125124
0.5580245849745736  0.8740202344359848
0.5574133346326463  0.9074979558108093
0.36957639968004763  0.6510891582383199
0.5140272745018823  0.7860675602500958
0.6763073243824157  1.015658226903468
0.5989987482953657  0.8598425603913695
0.44208476619386045  0.7453991275257772
0.6611245876716777  1.0995804458307068
0.7014869855382245  1.0711997636887938
0.3150511879188349  0.5167186297114055
0.5863409107081485  1.042894228937204
0.5674242347332127  1.0725108117231412
0.3773770572720153  0.8064353633572399
0.509218378905466  1.025816311547679
0.6016617534879298  1.2548784684637724
0.44824544571236796  1.0685744738802982
0.36992264900575444  0.845242400350486
0.6319984377500395  1.2522857125339173
0.6308885365615987  1.2029193663950832
0.3836457118949834  0.6263315500060915
0.7721306169391529  1.2160415025245248
0.9052771989349128  1.2548840548022484
0.6129404409185156  0.8225488832335439
0.7564631788296474  1.0168562768235287
0.8332321853692798  1.1847455117993517
0.6690010862041447  0.9323287022062374
0.5772356699915574  0.7996352124889962
0.8921994190695681  1.258624630356515
0.8868504951451018  1.2559278289985107
0.4694021553371833  0.6869912256614283
0.9207943172818944  1.3397662835938937
0.8904126979533223  1.321591622602152
0.5993234639478526  0.8604998878852194
0.7668289753776877  1.1341562363269204
0.9475922247522218  1.3050383508317682
0.7594779852070876  1.0863641766437049
0.593806303964449  0.8961272448022503
0.9114428800983606  1.2456612243298437
0.9537437323370829  1.2470886605991436
