0.0  0.0
0.30000000000000043  0.27835051546391765
0.47457142857142864  0.42430044182621457
0.5392857142857144  0.5166421207658317
0.4201428571428572  0.43033278291010263
0.47771428571428576  0.5623376623376624
0.5191428571428569  0.6910533910533916
0.5247142857142859  0.6303030303030305
0.45085714285714323  0.5849927849927852
0.54  0.7630591630591628
0.5362857142857143  0.7864357864357862
0.353857142857143  0.5562770562770561
0.49600000000000016  0.7910533910533918
0.47414285714285753  0.8178932178932172
0.3531428571428569  0.6793650793650794
0.3998571428571431  0.7906204906204899
0.432571428571429  0.9112554112554108
0.3851428571428575  0.8222828282828282
0.36042857142857165  0.7195714285714283
0.4524285714285718  0.9195714285714288
0.4465714285714288  0.9230000000000006
0.3181428571428573  0.650142857142857
0.45885714285714324  0.9357142857142863
0.45257142857142885  0.957
0.34285714285714297  0.788285714285714
0.4038571428571431  0.8535714285714284
0.4327142857142861  0.9431428571428577
0.3672857142857145  0.8824285714285715
0.3347142857142857  0.7578571428571427
0.41414285714285715  0.9580000000000004
0.4044285714285715  0.9728571428571424
0.2885714285714284  0.6825714285714286
0.40128571428571425  0.9730000000000004
0.3862857142857143  0.9767142857142864
0.28314285714285714  0.8134285714285718
0.3331428571428571  0.909285714285715
0.3825714285714287  0.994285714285715
0.3454285714285715  0.8981428571428577
0.3191428571428573  0.8034285714285717
0.398  0.9882857142857145
0.3902857142857142  1.0125714285714296
0.27399999999999997  0.7178571428571433
0.3854285714285715  1.035
0.36528571428571427  1.0470000000000004
0.28942857142857137  0.8381428571428576
0.3387142857142856  0.9304285714285712
0.3725714285714286  1.044142857142857
0.3318571428571429  0.947142857142857
0.29057142857142854  0.8474285714285716
0.36500000000000005  1.0651428571428572
0.37814285714285734  1.0622857142857143
