-1.0  -1.0
-1.0  -1.0
-0.8141592272195802  -0.8593727837598232
-0.10533799989986277  -0.06671364941137128
-0.08008736308570892  -0.03872196661235167
-1.0  -1.0
-1.0  -1.0
-0.7277267595828008  -0.8812393644412595
-0.26568693971650265  -0.4159282960031261
-0.2261144167169605  -0.17006952705788428
-0.3145954940664151  -0.047621194675098365
-0.11607246351586709  0.11845544294100241
-0.04539869626657217  0.13635114561637565
0.031797053487931985  0.18478506286782462
0.0560130568328408  0.236999489305333
0.04507194315341274  0.24586645321103218
0.03332921031223187  0.2529218656265751
0.043163059277646444  0.26084139478537327
0.01925459712816246  0.2801416071118741
0.04902103217998955  0.265429400782182
0.04623448445054023  0.29460764738187234
0.02491292124415122  0.31394066022818584
0.006690733356373757  0.3039533103490571
0.02203303712496466  0.30397079888837203
0.0058009290931569325  0.27852944390829043
-0.011826236318926797  0.32997951283526444
-0.038560139313219076  0.38787489395504343
-0.02763349874348228  0.3915987131497466
-0.03687449884826843  0.39057634313382394
-0.03295993015335596  0.4135837334977868
