-1.0  -1.0
-1.0  -1.0
-0.8905534925469075  -0.9432752248826956
-0.1256868903612074  -0.1349648501302743
-0.1309122523248075  -0.0821454772539062
-0.13049515585932533  -0.03230311846819188
-0.12169094649713781  0.10787637401696037
-0.08138853908251496  0.06084484370026731
-0.1339432911444027  0.09763778319462373
-0.19006990100658192  0.17639498593869438
-0.18336762790654507  0.22326502402929485
-0.19539813801665323  0.16386304318469191
-0.2982284188808486  0.22179136069315328
-0.3181550237105054  0.2702825537451638
-0.3066252148244269  0.2546600827328749
-0.35435934400765584  0.3296970003429598
-0.41935375141296544  0.40381197392385565
-0.36947176823184336  0.39131879870983327
-0.29814435317096216  0.30583220622156276
-0.3700865969951692  0.40975221487067653
-0.36136121057899784  0.4363855591185542
-0.25196510582845844  0.29860376309342457
-0.3455746921026105  0.4461167828658559
-0.3564700513398522  0.47665790413092435
-0.3214513709842799  0.4047963513131174
-0.31898611488175305  0.40536858160049416
-0.3806433766317805  0.43989024411194794
-0.3883197713787779  0.44523927263407337
-0.3289370781826574  0.35558220977722244
-0.4061167100978726  0.47050323401497557
-0.4316534728945282  0.4817834735835315
-0.2840474237913062  0.34442634648467213
-0.4241923575481505  0.48968033401637956
-0.45464982381341884  0.4825298501131423
-0.4267728857064155  0.4266933312168867
-0.451364431308685  0.469149796333482
-0.4645242886029307  0.5076066737465764
-0.41887561644306825  0.44460351967013045
-0.3453785962974459  0.411425386753717
-0.43639951260645626  0.49642978601559723
-0.4539189947663533  0.5209205044311124
-0.3106286156525258  0.4041265346100816
-0.4605804320329865  0.6024132152892631
-0.5155364260618691  0.5800769075821299
-0.41487446904255926  0.45938575670475085
-0.4304264001696034  0.5207075278237895
-0.4897234081511555  0.5939362221695426
-0.44652831844007945  0.5537971614266821
-0.4019490753596891  0.5047953183495164
-0.49923221326812384  0.6423500340385391
-0.4675605750092885  0.6457083976181516
