0.25  0.25
0.2965763498847727  0.37812837276118927
0.3306290321816066  0.44231817973272614
0.33846073387209014  0.4684258104051812
0.34333365307602254  0.47257803157079764
0.3465601638847515  0.4688913256303758
0.35095643201261734  0.46285867519731555
0.35679146809333273  0.45053020675305194
0.3634000836978411  0.4353142225763859
0.3704092540311737  0.418839492295599
0.37603904546274164  0.40394901019292623
0.39670401468865196  0.3931651582154431
0.4178296868853872  0.3869177428601738
0.43494419976165266  0.381232314761893
0.4477689670558918  0.376696430113499
0.4573620973067681  0.37188948953623413
0.4648060655203093  0.3675148773668323
0.47285120789489604  0.36522769762317797
0.47941830359845117  0.3629573188990709
0.4856778493547873  0.3610395926217717
0.490035480470039  0.3603163216446032
0.49279730959348333  0.3591907634261849
0.4952384827877011  0.3582768740135343
0.49728475956175855  0.3573120942750797
0.49934358875350915  0.35660215597084377
0.5016762205722473  0.35522193413581743
0.504075649754786  0.35380332070195236
0.5064773913505152  0.35267192011619286
0.5081783016561217  0.35112001359800965
0.5101955375177913  0.3497976678791521
0.5118159079445265  0.3482825983641661
0.5129448100336201  0.3467721283066804
0.5146129441282449  0.3457896289648633
0.5162012187932187  0.34471769998198915
0.5177652183874148  0.34362323533947026
0.5189114116026571  0.3424573072407666
0.5198059674389717  0.3414673184582538
0.5203215447630435  0.34057573867969515
0.5208168629129968  0.33962907173392853
0.5210554146808412  0.33892920149175765
0.5211868179779938  0.3381933321281187
0.5211575376956241  0.33729477730118834
0.5211085552052123  0.3364087707515171
0.5211099221201171  0.33574592489334565
0.521147621627477  0.33519402070990484
0.5209276639660659  0.33460719005758766
0.5208647874263808  0.33398021034838066
0.5208045689311107  0.33340671874389377
0.520727273709337  0.3329084903028579
0.5206489331990963  0.3325665734523655
0.520626003170396  0.33221033496880803
