0.0  0.0
0.0  0.0
0.0  0.0
0.035555555555555556  0.06666666666666667
0.11111111111111113  0.09766239316239318
0.18999999999999995  0.15256410256410258
0.2633333333333333  0.16999999999999998
0.2688888888888889  0.21777777777777768
0.3244444444444445  0.2766666666666666
0.31  0.3
0.36777777777777776  0.3244444444444445
0.5320000000000001  0.5010989010989012
0.5466666666666667  0.5360544217687074
0.5210000000000001  0.5397959183673469
0.5286666666666666  0.5336666666666665
0.5103333333333332  0.5266666666666667
0.5326666666666667  0.5073333333333333
0.5526666666666668  0.5466666666666667
0.551  0.5306666666666667
0.517  0.5266666666666667
0.5423333333333334  0.5173333333333333
0.557  0.5419999999999999
0.5459999999999999  0.531
0.5643333333333335  0.5196666666666666
0.5500000000000002  0.5350000000000001
0.5546666666666666  0.5586666666666666
0.5533333333333332  0.5513333333333335
0.5643333333333335  0.547
0.5873333333333332  0.5879999999999999
0.6170000000000001  0.6176666666666668
0.6183333333333334  0.6413333333333333
0.6180000000000001  0.6346666666666666
0.6069999999999999  0.6173333333333332
0.6243333333333333  0.6293333333333334
0.6173333333333333  0.6206666666666667
0.6180000000000002  0.6256666666666665
0.6126666666666665  0.61
0.6226666666666668  0.6176666666666667
0.6373333333333332  0.609
0.6323333333333332  0.6226666666666667
0.6433333333333332  0.6410000000000001
0.6326666666666667  0.6486666666666667
0.6396666666666667  0.6193333333333333
0.6203333333333333  0.6190000000000001
0.6216666666666667  0.6076666666666667
0.5983333333333334  0.6319999999999999
0.608  0.6183333333333333
0.5669999999999998  0.5973333333333333
0.588  0.6363333333333332
0.5640000000000001  0.6026666666666666
0.5860000000000001  0.5963333333333334
