0.0  0.0
0.0  0.0
0.1238095238095238  0.12857142857142856
0.709252760031617  0.6799982825297951
0.695792274435738  0.7191004376131094
0.0  0.0
0.0  0.0
0.1523809523809524  0.09829931972789116
0.3374907487364668  0.29867771910629054
0.6562871029012407  0.5477425028920354
0.46098133300546207  0.6629658623563525
0.6665538877269247  0.7676588434736106
0.7352550752786328  0.7859479119622105
0.7934508476927045  0.8130916667280251
0.8718030460260318  0.8291163031208624
0.8684748356085038  0.8248518887060854
0.8597768380074325  0.8170577136929884
0.8584012771219096  0.8199401125160968
0.7395055447038029  0.8323047127907645
0.7913321450406742  0.8224807304223866
0.7739551396845394  0.8273828346171003
0.7147894451889011  0.8393134174785101
0.6856913833142296  0.827141891528113
0.7116047503977502  0.819296990706153
0.6903512749975692  0.7937791276101641
0.6756831976263206  0.8145611395521382
0.6313948478084299  0.8345123475155278
0.6371648853206903  0.8307908877107798
0.6289800849916365  0.8351587071811976
0.6403996534015813  0.8444154402773881
