0.25  0.25
0.31404715597116234  0.3262842973821353
0.37486172683187835  0.369286291056675
0.40825549314759385  0.38890727912036693
0.4199384738031225  0.40371491207267374
0.25  0.25
0.30298350988446526  0.35274966914966677
0.3364350917856412  0.3930498412443107
0.34927925257858555  0.4128011134214379
0.35549716883614046  0.4205135163712323
0.3678687847291326  0.41982722089315055
0.3737123289081907  0.4195664611195656
0.37529891938729  0.4188362658404973
0.37364422133876907  0.4176244252112201
0.3729428128613492  0.4168459469715192
0.3710697867413525  0.41506210008732775
0.3721782903457729  0.4123143305876656
0.3746864487721526  0.4102778594186865
0.37815019050629495  0.40849227421813905
0.38223423237229415  0.40621089468371757
0.38653543895560727  0.4044996090070146
0.3912054854763856  0.40270380147564716
0.3959884291315699  0.4009503030908306
0.40083196908907953  0.3986144571788725
0.40579314051260906  0.39704355500337013
0.40942511724870945  0.39576990867841755
0.41290530651792745  0.3945810764916617
0.41542192454156457  0.3934976625847853
0.4182013956269078  0.39263151054858403
0.42133290290932046  0.3918906216078816
