0.0  0.0
0.0  0.0
0.0032081377151799684  0.0
0.1837267270857829  0.16137456411803494
0.2837312682931695  0.22332779548215828
0.3625657710529499  0.2967750607061206
0.35843566369801294  0.3501858343802941
0.36538073703108875  0.377211662614377
0.4076747423614357  0.38781633852132885
0.4003857367219809  0.4231193781671795
0.3847740068784005  0.41727944215471474
0.3618419928933848  0.38119849975640274
0.3611049371259307  0.4186352218173473
0.3724916920643164  0.4316349710232627
0.4023053842568987  0.4308065967780754
0.40987271536470155  0.41997889977587405
0.41197046478274374  0.4338775245720114
0.4363134900353977  0.45988939117531863
0.4225486239468489  0.47869629364805855
0.41788352392590267  0.5040870311388764
0.4067192509648119  0.500965246197185
0.41842534755267113  0.514163957251486
0.42092538174292937  0.5121971174740327
0.4141506951657543  0.5211217809242331
0.41569742721895386  0.5098883999620062
0.42364859204216715  0.5136097003505716
0.41951245392722686  0.5183087528622441
0.43181380566766286  0.5164532429560542
0.4262303365172101  0.5307791891793299
0.4114870080984178  0.5284452045376522
0.4083234703191751  0.5321839908811894
0.41346182704144624  0.5455368262146856
0.4132045322709736  0.5679568007099338
0.42999767305159253  0.5646954590640408
0.4314226737378488  0.550602060427853
0.42734356045805993  0.5568928519706454
0.43103840289895523  0.5672351697351142
0.43563437194278565  0.5597998574619432
0.42017836838391476  0.5647281638827076
0.4251922502165156  0.5704549713211968
0.4298832493621392  0.5815910875538353
0.43256138659756765  0.5801176631427688
0.42715977311202075  0.5978637450528942
0.42426907231625455  0.5911088394157353
0.4245222186336189  0.5957602431685881
0.42751419411762864  0.608673175639177
0.4275485254542037  0.6323972329800146
0.42259071630035766  0.64215400441299
0.4236512423182405  0.6521129451257699
0.43396493221458576  0.662930733967801
0.4228349917608236  0.6721151144755022
