0.0  0.0
0.0  0.0
0.0016326530612244896  0.0
0.12367346938775504  0.12795031055900621
0.1902040816326529  0.16459627329192542
0.25938775510204076  0.20476190476190473
0.2606122448979591  0.2406122448979592
0.2614285714285714  0.2553061224489796
0.2908163265306121  0.25591836734693896
0.2785714285714285  0.2814285714285715
0.26285714285714273  0.2779591836734694
0.3892128279883383  0.3830357142857143
0.37900874635568504  0.40312499999999996
0.38075801749271143  0.40446428571428583
0.3958152958152957  0.40816326530612257
0.40371428571428564  0.40851370851370866
0.40928571428571425  0.4204285714285715
0.41742857142857154  0.43985714285714295
0.41000000000000003  0.452857142857143
0.40885714285714286  0.4710000000000002
0.3937142857142857  0.47357142857142853
0.41600000000000004  0.4892857142857145
0.421857142857143  0.4775714285714286
0.41500000000000015  0.4874285714285715
0.41471428571428576  0.47928571428571437
0.42614285714285705  0.4844285714285714
0.4211428571428572  0.4981428571428569
0.4227142857142857  0.4854285714285715
0.4221428571428572  0.5037142857142858
0.40257142857142847  0.5027142857142859
0.40271428571428564  0.5075714285714286
0.40985714285714286  0.521142857142857
0.4124285714285715  0.5365714285714287
0.4215714285714286  0.5252857142857145
0.4201428571428572  0.5164285714285715
0.42399999999999993  0.5202857142857144
0.4255714285714286  0.5322857142857143
0.4294285714285715  0.529142857142857
0.4234285714285716  0.5299999999999999
0.42500000000000016  0.5387142857142856
0.43385714285714305  0.5408571428571429
0.4382857142857145  0.5369999999999997
0.4331428571428573  0.5597142857142855
0.42942857142857144  0.5524285714285715
0.4284285714285713  0.5648571428571425
0.43342857142857155  0.5782857142857143
0.42985714285714294  0.6031428571428571
0.42685714285714277  0.611
0.42885714285714316  0.6224285714285714
0.43400000000000016  0.6365714285714285
0.42514285714285743  0.6444285714285715
