0.0  0.0
0.0  0.0
0.46339717433652877  0.4301599902736217
1.1233850634046714  1.0876868503167634
0.6147975361538293  0.8431740521994101
0.6193128742754764  0.9151622085937068
0.7320452004436633  1.0856400848150096
0.6936125484500756  0.9331923502849242
0.5419630242180162  0.8471411655823164
0.6750742994330724  1.0753911119176969
0.6874954082038011  1.0900384371853673
0.4366943976298023  0.7733090126545417
0.6174601111846652  1.1059350802908787
0.6167961676020192  1.1225900802332687
0.4463648962586152  0.9042781661840514
0.5078450031321136  1.0239103321694647
0.5433588216588477  1.1358880080936051
0.4941752809625863  1.039205006352378
0.46231964245442325  0.8897794000089442
0.5920634805850776  1.1127169705284454
0.6276221931995514  1.1530522952690954
0.42302327616895524  0.7906176612336756
0.6134817245269352  1.1244962363341093
0.621616301134001  1.121560000779379
0.4657412914884961  0.9051706272244123
0.5567782045744912  1.0174693564396025
0.6048671592711236  1.130580000745884
0.49944789227866315  1.0263634550907381
0.4719898490689638  0.9070201621147046
0.6108021685784788  1.1613981415426446
0.5731635109444327  1.1379376658648857
0.415897245608483  0.8054501970638849
0.5808459736788344  1.1567611903629569
0.5710632544243234  1.1477624878360357
0.38227064262756233  0.9220990874485636
0.46542102607408337  1.033174046463785
0.5638464995322314  1.1442577279905206
0.4927311079030262  1.0307685289143373
0.46667901608987095  0.917507775663759
0.5910041765966856  1.1540850060794927
0.5620061341781243  1.143381015345915
0.3984431291154135  0.8230532578132047
0.5570164515681402  1.1792248970256942
0.4984847893106944  1.1597119733954022
0.3940947189892614  0.9420142901321358
0.474281919414532  1.071038679219983
0.526521032966526  1.1879551009926064
0.4678035685892558  1.0719995511687115
0.4097979622541255  0.9506298273557773
0.5248486843764961  1.1915658837253673
0.5649349325438121  1.1956140280495589
