0.0  0.0
0.0  0.0
0.013549257759784076  0.024531490015360983
0.12405473823525284  0.0910279947170191
0.21513754813113403  0.14624515222694215
0.19898354474962773  0.18798496509091425
0.19320940873250708  0.18282090699110667
0.190794183248299  0.21861345287763562
0.20161213268102343  0.23432906875481987
0.20161736080845874  0.2658248780856809
0.191472260371019  0.2600370041230884
0.22293707994427844  0.2616537225074452
0.224025269248484  0.2565499089723946
0.23815427797776403  0.26003892302122755
0.23315748043293888  0.2433064009373883
0.24582962684210805  0.23300595011204006
0.26201338295935583  0.21944679851323545
0.23915873071640228  0.25984601819471415
0.23309353463414534  0.26223385382507053
0.2276389670965854  0.2565813814798383
0.2079069011018358  0.23440887602944588
0.23559581218204634  0.23671938652163121
0.24827832332058067  0.2662261605159802
0.23860058694273822  0.22474160842766538
0.22625209415870537  0.23049434524794063
0.23763120648610014  0.24400993441250732
0.25617858152270584  0.25117760362505825
0.2630851258684218  0.25728772309231
0.2548962722701096  0.25115593457829444
0.2577802175766125  0.22684931878418002
0.273753029999317  0.24662613870359412
0.2729775689764261  0.2373365352094861
0.2792138637283611  0.22609554979305468
0.29018917192492244  0.23687826866715486
0.30173321629485084  0.2550639016017135
0.325527663976825  0.2513198121925679
0.30937657486703446  0.23183023775085912
0.31566576528240076  0.2608440519214225
0.31526057225652465  0.23554597268437752
0.31268899312237103  0.2565721957746996
0.32128717518500743  0.23707441105480062
0.30941631269465497  0.24757579085935832
0.30372009513029385  0.25882226871547953
0.2983220020051221  0.2503291285903719
0.30603718455429146  0.232109762411164
0.3026831757277139  0.2603754913985796
0.3052009608002705  0.296460948818333
0.3061260733610883  0.29872750578937013
0.31517249120926205  0.3116851988716288
0.32749697100831227  0.32277179869319933
0.31635371040081733  0.31271907514572683
