0.0  0.0
0.0  0.0
0.1  0.0
0.7714285714285715  0.42857142857142855
0.9571428571428572  0.5285714285714286
1.0  0.9142857142857143
1.0  0.9714285714285714
1.0  0.9571428571428572
1.0  0.9857142857142858
1.0  0.9428571428571428
1.0  0.9285714285714286
0.6606061816223482  0.6569502579892277
0.6307194989883106  0.7037837456702224
0.6335059267024137  0.6828929553155962
0.6238705672106164  0.656478112503784
0.6406751655714177  0.6512175367716414
0.6552103067234425  0.6620846103043985
0.6555901978820997  0.7007518098245752
0.657275065892965  0.6982362741048638
0.651816782693616  0.7269869447013287
0.63429855550679  0.7471030886140066
0.6961843926434257  0.769996101683408
0.7063448372204875  0.7427891921395302
0.6851447923715868  0.7457964449403859
0.6887240162358272  0.7364735717542733
0.7175182924558623  0.7502026132268006
0.7064323334107683  0.7814461394022234
0.691578495682849  0.7426829045786819
0.7040041654582363  0.766924032890526
0.6678532630125696  0.7564211581229691
0.6710640993123549  0.7616663944782305
0.6801588948945884  0.7783465229794246
0.6902397866098577  0.7848124709893816
0.6971348722141463  0.7575517681433845
0.6864213054237993  0.7503466770652044
0.6969947501205086  0.742034635144225
0.6969616998735104  0.7652979799122938
0.7070027862018722  0.7545132858249363
0.7070067564709954  0.7466286034354771
0.710894919520495  0.7583365631260622
0.7428940995862973  0.7559411537660071
0.7505493122620897  0.7429277305682097
0.7457791870605157  0.7539749137446097
0.7364173592166491  0.7399687434972305
0.7370948784360852  0.7596378425619132
0.7541471493114659  0.7686431264757586
0.7362217403260747  0.7893938287084571
0.7377200256518919  0.7761812690974484
0.7387713389313381  0.7812669272324415
0.7500366351699687  0.7787434363048319
0.7409384301776779  0.7815019950859036
