0.0  0.0
0.6999999999999996  0.6969696969696968
0.6796666666666665  0.7033333333333329
0.6549999999999999  0.6956666666666665
0.6313333333333333  0.6609999999999999
0.6186666666666666  0.6466666666666667
0.6206666666666668  0.6346666666666666
0.6096666666666667  0.6093333333333333
0.5976666666666668  0.6316666666666666
0.5876666666666668  0.6286666666666668
0.5939999999999999  0.6143333333333333
0.5539999999999999  0.6146666666666664
0.5643333333333334  0.5946666666666666
0.5383333333333333  0.5916666666666668
0.5486666666666667  0.5803333333333334
0.547  0.5870000000000001
0.5563333333333333  0.5713333333333334
0.513  0.5743333333333335
0.5103333333333333  0.5686666666666667
0.5173333333333334  0.5949999999999999
0.538  0.5863333333333333
0.5326666666666668  0.5736666666666667
0.5116666666666666  0.5856666666666667
0.5153333333333333  0.5616666666666666
0.5236666666666667  0.58
0.499  0.522
0.4693333333333334  0.5006666666666668
0.4713333333333332  0.499
0.4596666666666667  0.5146666666666666
0.4596666666666666  0.5086666666666665
0.4689999999999999  0.44866666666666666
0.44999999999999996  0.4423333333333332
0.44266666666666654  0.4486666666666666
0.4463333333333333  0.4363333333333332
0.44199999999999995  0.417
0.442  0.416
0.4719999999999998  0.45033333333333325
0.48933333333333334  0.4639999999999999
0.49899999999999994  0.46533333333333327
0.5026666666666668  0.4630000000000002
0.485  0.455
0.48599999999999993  0.44966666666666677
0.4946666666666667  0.4653333333333333
0.48033333333333333  0.4503333333333333
0.5253333333333332  0.4713333333333333
0.5206666666666666  0.474
0.5283333333333333  0.4949999999999999
0.5399999999999999  0.5093333333333333
0.5396666666666667  0.5426666666666667
0.5640000000000001  0.5426666666666665
0.5600000000000002  0.5479999999999999
