0.0  0.0
0.0  0.0
0.0  0.0
0.06600253004427577  0.09622936928971411
0.18095916979626875  0.13747614135545172
0.28851400092170787  0.21649865259893347
0.379678883368244  0.26545105133820046
0.3911914986091064  0.3359874074108548
0.45183512045438623  0.3984536229872463
0.4341187946923597  0.42196114698104503
0.5008316487078803  0.4575661642967383
0.3280799157746585  0.31746077260000277
0.3383850000020143  0.2928455936595319
0.30243698686339676  0.2731426626534734
0.2922699281046454  0.25844024402030963
0.3023460999549727  0.242287356990297
0.30493053171718487  0.2446484732776165
0.28255760618342374  0.2363813101823065
0.29063178679736906  0.25385494129181835
0.3035424816646381  0.2678979733998637
0.3138335754222563  0.26253609177088816
0.32571731025982514  0.2829178941755751
0.3338261904070918  0.303607553250926
0.323064794573613  0.2562228760983513
0.31706872405384307  0.23206943812862135
0.3245961896405038  0.2784421552313984
0.3146924284879985  0.27170164023904936
0.31714393182333517  0.28504835717694876
0.35072623218934024  0.3357025352388193
0.36316696998485526  0.38119894878953786
0.3769622413518507  0.4216495097654988
0.37721301778902455  0.41483436707559534
0.36870379976177964  0.3906141817401686
0.37707608918930785  0.40538640673452186
0.3718187568894662  0.41255024896199366
0.3767982053786617  0.41434662813411827
0.38137855657007225  0.39813252760884793
0.3801233207625121  0.41502233682291195
0.3749749957689112  0.40849792556455444
0.3825479659067134  0.4288104868775856
0.3933977927771057  0.4234151826562865
0.38478073631448684  0.4506288168068498
0.3943217776592726  0.4223405397426014
0.38631535818682355  0.4285654017441815
0.4118417562369835  0.4263635334389113
0.40137898404319106  0.44427857615926436
0.4170958656518032  0.42188777601485683
0.37200648260203717  0.39799940555632574
0.3690402619659396  0.43582182794375424
0.355345027985067  0.3877204404764784
0.36788986826796205  0.3757460603910255
