0.25  0.25
0.3083386367880909  0.3337086957945324
0.3973491771597926  0.40771237079101763
0.4424734558311099  0.44007006167696033
0.45706525594667713  0.4377442957327887
0.4728957761860727  0.43670839484627283
0.4911441312406144  0.43633008923536065
0.497877243484337  0.4285663574291937
0.4950846761562541  0.4186810102384684
0.5032136778440761  0.41682021589808194
0.5096414185391196  0.4146585025886155
0.5125153610095334  0.40556025795820394
0.5322261041918851  0.4061317135033842
0.5493405700767637  0.40644926226131284
0.5544791842520086  0.4014185815504545
0.5623569428004265  0.39917565118223697
0.5735763688020996  0.3993122049140893
0.5796306900094632  0.3967394024953528
0.5806278588890086  0.3924306286664505
0.5885161342476175  0.3914395718233233
0.5959527385720172  0.3908670230294144
0.5913519487817323  0.3854292017464488
0.5957511424430815  0.3848860509721917
0.599905075378365  0.3842571145728189
0.5977556944573231  0.381046702815258
0.5980078180798977  0.37988122143445896
0.600614712063875  0.38045407549297183
0.6026863471357476  0.3794661700237515
0.602357118722191  0.37737854396589515
0.6066278476965745  0.377885015478491
0.6106927987119677  0.3782433766364017
0.6077788358608999  0.3751963217604046
0.611578737574167  0.37603471118591164
0.6153491544001753  0.37682767314699817
0.6145046531336492  0.3752932594391257
0.615957653848905  0.37502762160420894
0.6191790090415833  0.37595817683285726
0.6202630237816688  0.37548582664302926
0.6190000837162235  0.37410104523049287
0.6214141714377347  0.3746319714692658
0.6235963628908668  0.3750844561984799
0.6211851825950585  0.3729161107007408
0.6240354210692831  0.37340574623833306
0.6268183188296872  0.373854912774992
0.6262100340841521  0.37248729392355767
0.6270021167930911  0.37221883549061785
0.6293617171137929  0.37272585960819504
0.6303325299634146  0.37247350442826666
0.6297080325382332  0.37140533440237355
0.6321629440906543  NaN
0.6343902765582394  NaN
