0.25  0.25
0.31724543323686477  0.365232133663919
0.34892309160593554  0.426481522036998
0.3530556692086301  0.465141347987301
0.3514829406713142  0.4877738934142137
0.35754877087333564  0.49188152806489766
0.3647209510502845  0.4885590170629021
0.373279720665119  0.4919386311691027
0.379428077964083  0.49007928059566763
0.38469224225148696  0.48627116584524915
0.38928256282966306  0.48248705880942494
0.40029200545870197  0.4883247405380909
0.4113707883540324  0.4872889201778178
0.4207960647687223  0.48565249113091025
0.4278178292871182  0.4837380289819683
0.4350313919465328  0.48215955877451316
0.4405177884564992  0.48052101782821083
0.44450702277878434  0.4786843064237266
0.44920631442838715  0.47633119776234056
0.45278341246191595  0.4743350592099646
0.4560146822525709  0.47263060940498514
0.45864875478923917  0.4715026656381153
0.46036576806347973  0.4705740064051913
0.46230867857135094  0.468752761201712
0.46443424176826476  0.4684123531984154
0.4662128930102462  0.46773452967569934
0.46750881674111383  0.4671570005306953
0.4688448181280912  0.46668255906020284
0.4701311147988765  0.4661579088097679
0.47139570837607137  0.46509470946252424
0.4722508901947741  0.46398504429270865
0.4734393149688233  0.4630829205664728
0.47460243261023377  0.4622489644313633
0.4757442847296021  0.4614297380580017
0.47696578908539705  0.4606320733103675
0.4779626352018809  0.45972602813803337
0.4790090746049877  0.45874993977864464
0.4799350011746691  0.457930421256648
0.480985514952029  0.45697344243378674
0.4821018990408151  0.45629434291927595
0.48337165926619585  0.4556553747948035
0.4845906005217396  0.45509567639137777
0.4857719672807514  0.45448613433852425
0.486973336857201  0.45404849832479177
0.48821905135796584  0.4536832975882548
0.489358458050828  0.4534580230822023
0.4903663405560482  0.45293732300676737
0.4914708832543974  0.45265628118854523
0.49261414410315835  0.4522656951551472
0.49374130819307976  0.451870507871456
0.4947158829603985  0.45161359592580635
