0.0  0.0
0.0  0.0
0.0  0.0
0.0  0.0
0.0  0.0
0.0  0.0
0.0  0.0
0.0  0.0
0.0  0.0
0.0  0.0
0.0  0.0
0.3285714285714286  0.33241758241758235
0.35408163265306136  0.3439560439560439
0.363265306122449  0.3802197802197803
0.4009852216748771  0.39744897959183695
0.39333333333333337  0.3753694581280788
0.3723809523809525  0.36809523809523825
0.40380952380952384  0.3480952380952382
0.3852380952380952  0.3466666666666667
0.38285714285714284  0.3376190476190476
0.41571428571428576  0.310952380952381
0.35523809523809513  0.2871428571428571
0.339047619047619  0.3376190476190476
0.34523809523809523  0.3285714285714285
0.34619047619047616  0.32761904761904764
0.31523809523809526  0.31428571428571406
0.3233333333333332  0.2642857142857142
0.35238095238095235  0.3195238095238095
0.33428571428571435  0.27999999999999997
0.37619047619047624  0.28333333333333327
0.36333333333333345  0.27476190476190465
0.34571428571428564  0.25761904761904764
0.3304761904761904  0.26190476190476186
0.3400000000000001  0.3109523809523809
0.35095238095238096  0.3057142857142857
0.32190476190476186  0.319047619047619
0.32428571428571423  0.2895238095238094
0.32428571428571407  0.29142857142857137
0.3033333333333332  0.3076190476190475
0.3095238095238095  0.2885714285714286
0.28476190476190466  0.31333333333333335
0.2738095238095238  0.3338095238095239
0.2776190476190475  0.3080952380952381
0.2861904761904761  0.32523809523809516
0.288095238095238  0.2819047619047619
0.27476190476190465  0.2699999999999999
0.2909523809523809  0.24142857142857124
0.2876190476190475  0.2666666666666666
0.2804761904761903  0.25761904761904747
0.2876190476190474  0.25380952380952365
0.2961904761904761  0.25428571428571417
