0.0  0.0
0.0  0.0
0.10761904761904761  0.031746031746031744
0.25476190476190474  0.14444444444444443
0.21095238095238084  0.20640394088669953
0.2719047619047619  0.3251231527093597
0.29761904761904756  0.3729064039408869
0.39809523809523817  0.44384236453201975
0.3861904761904759  0.41674876847290615
0.46714285714285686  0.4935960591133002
0.4438095238095238  0.4586206896551722
0.36523809523809536  0.32413793103448274
0.5361904761904764  0.4812807881773395
0.5233333333333337  0.45862068965517205
0.43047619047619007  0.3541871921182264
0.5157142857142855  0.3891625615763544
0.5876190476190472  0.4403940886699504
0.5038095238095238  0.3569622331691296
0.44285714285714284  0.3642857142857145
0.5638095238095234  0.4633333333333337
0.5595238095238091  0.44095238095238126
0.3885714285714288  0.33285714285714274
0.5399999999999997  0.4628571428571425
0.5580952380952378  0.4661904761904759
0.4547619047619049  0.4147619047619045
0.48523809523809536  0.48190476190476184
0.5485714285714285  0.5404761904761902
0.5052380952380953  0.49000000000000005
0.4566666666666662  0.4452380952380948
0.5676190476190476  0.5509523809523809
0.569047619047619  0.5709523809523809
0.382380952380952  0.39047619047619014
0.5509523809523807  0.5557142857142855
0.5776190476190477  0.5733333333333333
0.4771428571428568  0.473333333333333
0.5385714285714284  0.5252380952380952
0.5847619047619048  0.5723809523809523
0.5161904761904759  0.551904761904762
0.45190476190476137  0.4904761904761906
0.5809523809523809  0.6033333333333334
0.5761904761904761  0.6266666666666667
0.39285714285714246  0.42523809523809536
0.5747619047619047  0.6033333333333334
0.6009523809523808  0.6395238095238096
0.47523809523809474  0.5076190476190476
0.5109523809523805  0.5471428571428572
0.5852380952380951  0.6152380952380951
0.5261904761904759  0.5514285714285716
0.4619047619047613  0.49857142857142855
0.586190476190476  0.6195238095238095
0.5804761904761903  0.618095238095238
