0.25  0.25
0.2960071528130292  0.34732586942765836
0.4160438322074634  0.5031596150706018
0.49908211658558005  0.5819345236628064
0.5160070900906459  0.5866147416645853
0.5486592232702068  0.6131102190967748
0.5871388252071288  0.6443265007845163
0.6013319221614731  0.6551374237940633
0.5990552647195229  0.6481809085197234
0.6244831323478712  0.6695770015769146
0.6449420176778644  0.6862083182737505
0.6286341812956558  0.66963064418347
0.6467359406357539  0.6885054626201648
0.6613351948821282  0.7052423313996672
0.6567063881983982  0.6983327896602297
0.6613015373719908  0.7010813200958937
0.6741133721605628  0.7114002572738808
0.6778286665285891  0.7136727077453904
0.6731868047687013  0.7085813538779602
0.6821058451060259  0.717105216416223
0.6898866705679121  0.724052611900401
0.678376730784676  0.7124027928501525
0.6858763502856278  0.7199664306190023
0.69338590556365  0.7274998557094731
0.6897349741874996  0.7220175401442636
0.6921722636046556  0.7224073477898256
0.6999181695099559  0.7274810183536421
0.7021756603589514  0.7274620268521589
0.6992477756451432  0.7228169231141998
0.7061930048777564  0.7275618488177271
0.7125374991369159  0.7320609585727554
0.7047986746703485  0.7231628199191982
0.7110634793870326  0.7279671245437216
0.7171112598667857  0.7323385506995278
0.7143895064411903  0.7281565217846392
0.7157388200534853  0.7284116108306665
0.7210752421135453  0.7326329412440552
0.7224207851230459  0.7332051968150022
0.7198560983745377  0.7297658766359099
0.7249082476707344  0.7339884446297937
0.7294357763053567  0.7378254910183318
0.7231000597857987  0.7311796224833217
0.7274552060843434  0.7349956690421655
0.7316431698884  0.7384208708159757
0.7290262674996223  0.7354596259235032
0.729709033110023  0.7352001199085346
0.7334926441685324  0.7379627655226109
0.7338677582542638  0.7378410372050919
0.7312068505409578  0.7347138039642848
0.734554581930297  0.7374912995043915
0.7378904297280277  0.740456567291419
