-1.0  -1.0
-1.0  -1.0
-1.0  -1.0
-1.0  -1.0
-1.0  -1.0
-1.0  -1.0
-1.0  -1.0
-1.0  -1.0
-1.0  -1.0
-1.0  -1.0
-1.0  -1.0
-0.059980850393650746  -0.09782657970669559
-0.09248130021719247  -0.035232374287590615
-0.09319583520664658  -0.0573023603692568
-0.09711998790837013  -0.08071092127147765
-0.07908317093900004  -0.07090171590981273
-0.058971291338055516  -0.04119055107296234
-0.06357978407596189  0.0011861304712744158
-0.06317461088181528  0.015520081869515513
-0.06523467258513072  0.04879343375732511
-0.10233188744038502  0.07001530602836344
-0.030680060443679536  0.10590274641726634
-0.01308967945961863  0.06047543576469149
-0.030617482610817908  0.07628281618050102
-0.03001995866641973  0.06483400661514592
0.006358845209695487  0.08080580372228759
-0.006493979489195552  0.12804460097092832
-0.02265184525991435  0.07684241189099518
-0.01118945859852516  0.12215374874790305
-0.06340593357471226  0.11601645627412184
-0.056405983401772185  0.12689285245635576
-0.03779848033593571  0.15483919605235305
-0.024817410551408105  0.1722410179979703
-0.016627356768362783  0.13001375746511973
-0.026805294919745357  0.11999770814935334
-0.00634047779506234  0.11655509539207731
-0.005643067433433574  0.1502017293963871
0.0020262448991371887  0.14326230656880556
0.004877222904643517  0.13480784827987474
0.005326339484068931  0.15681045995023854
0.03730966441135923  0.1475373851886914
0.0496187400311795  0.1311096367210755
0.040703141498153704  0.17296495698564837
0.02975862429426634  0.15324326933313856
0.027945338020068138  0.19128976546668175
0.04547132041054281  0.21498259410414622
0.027711950333802395  0.2627546410264687
0.026622844054115753  0.260243676600645
0.03222621786247523  0.2806749104266304
0.03869796068997457  0.30104171685897524
0.022161009812115866  0.3122284516215255
