-1.0  -1.0
-1.0  -1.0
-0.678212802430449  -0.7607806174867409
-0.24716560042934319  -0.25587502694022485
-0.16535326623840368  -0.24229157498599205
-0.12721326334125097  0.013922895931451473
-0.013713492649538793  -0.004027026238370836
-0.03146420444484067  -0.013039249173331475
-0.02677711636217711  0.030989387468023693
-0.04211707280987424  0.04886248930754459
-0.039391788543081944  0.026808187986521462
-0.0536723634585252  0.03240004045376764
-0.04592972166371412  0.005519927007878015
-0.06174142551068034  0.012955280758176656
-0.057805339472363104  -0.014353405353832694
-0.048537937653860636  -0.007333962494333354
-0.022119183355320905  -0.03445161736846384
-0.08926121533136323  -0.005509485646351716
-0.100210888329616  -0.001705603575251722
-0.09937225499712968  0.028646436800015575
-0.09625787104523639  0.00774419885868413
-0.07561218851040837  -0.014763127762510236
-0.08741626942007374  0.03471070236027896
-0.08716892167278655  -0.03309280786098036
-0.08777125054149464  -0.006371686820574425
-0.09752426281554752  -0.06920971851745593
-0.11479036286425347  -0.0946471695791664
-0.10594895530685451  -0.08348788333589405
-0.13144174038179146  -0.05980313839410693
-0.12669656424001877  -0.09265970855791111
-0.09761912006027224  -0.14734170459468132
-0.12335720108222446  -0.16748104679377535
-0.12256371036990237  -0.16876630361447584
-0.10890335751085954  -0.17312070044427122
-0.10805481729677908  -0.17600608857962616
-0.0741796321946374  -0.17829260664821617
-0.055674800981193845  -0.14708422679943717
-0.03445126992741884  -0.09409875704556477
-0.022598694415981804  -0.11251562791966202
-0.01907627854997513  -0.0909058319028591
-0.036223125586159574  -0.1265327637550505
-0.04294600719585576  -0.12662963013720405
-0.04132506102132256  -0.10368399743369
-0.06600840776640082  -0.12994651618538847
-0.01947972769569807  -0.1135450025330105
-0.02538511108386253  -0.09390560835042437
-0.009764261154263232  -0.04075636030761045
0.009591305020928519  -0.018449987439167006
0.017874710599147418  0.030187867049612353
0.0584796466766356  0.03388179992352727
0.03839514971193977  0.031749057407336426
