1.0  1.0
1.0  1.0
1.7822222222222222  1.941111111111111
1.5855555555555556  1.6822222222222225
0.972222222222222  0.9466666666666668
1.1711111111111105  1.1733333333333336
1.497777777777777  1.2788888888888894
1.283333333333333  1.0500000000000005
1.0677777777777775  0.7433333333333334
1.552222222222222  1.0544444444444447
1.5366666666666657  1.0477777777777777
0.7722222222222223  0.5044444444444445
1.4988888888888883  1.0277777777777777
1.5822222222222215  1.053333333333333
1.0911111111111107  0.7211111111111113
1.3299999999999994  0.9233333333333331
1.6155555555555552  0.9633333333333333
1.3566666666666667  0.7655555555555558
1.103333333333333  0.5588888888888891
1.6455555555555559  0.767777777777778
1.5966666666666667  0.8133333333333336
0.8122222222222225  0.4044444444444445
1.6533333333333333  0.8566666666666667
1.6622222222222216  0.8388888888888888
1.1322222222222218  0.48444444444444457
1.3944444444444442  0.5355555555555553
1.6877777777777767  0.5999999999999996
1.4055555555555552  0.4677777777777777
1.1366666666666665  0.4066666666666666
1.6599999999999997  0.5955555555555555
1.667777777777777  0.6555555555555553
0.8433333333333333  0.30666666666666675
1.6511111111111108  0.6188888888888886
1.5711111111111107  0.5766666666666665
1.0344444444444445  0.38777777777777783
1.2933333333333334  0.5133333333333332
1.5511111111111113  0.6555555555555556
1.2822222222222222  0.6088888888888889
1.0066666666666668  0.4399999999999997
1.5344444444444452  0.6211111111111108
1.5322222222222228  0.5922222222222221
0.7766666666666668  0.29555555555555557
1.5700000000000005  0.6033333333333333
1.6088888888888895  0.6044444444444442
1.0666666666666662  0.4177777777777775
1.3533333333333337  0.4466666666666665
1.6322222222222225  0.5855555555555555
1.3633333333333333  0.5122222222222219
1.0955555555555554  0.3955555555555554
1.5900000000000003  0.6888888888888887
1.5855555555555558  0.7044444444444443
