1.0  1.0
1.0  1.0
0.9983673469387755  1.0
0.8763265306122445  0.8720496894409941
0.8097959183673469  0.8354037267080745
0.740612244897959  0.7952380952380954
0.7393877551020404  0.7593877551020406
0.7385714285714284  0.7446938775510209
0.7091836734693876  0.7440816326530615
0.7214285714285709  0.7185714285714286
0.7371428571428569  0.7220408163265306
0.7236734693877547  0.7226530612244899
0.7277551020408161  0.6908163265306122
0.7216326530612243  0.6755102040816328
0.6883673469387755  0.669591836734694
0.6832653061224487  0.6810204081632651
0.6842857142857143  0.670204081632653
0.6591836734693879  0.6510204081632656
0.6777551020408162  0.6330612244897962
0.6804081632653062  0.6110204081632652
0.6879591836734695  0.6187755102040816
0.6820408163265307  0.6065306122448979
0.6806122448979591  0.6016326530612247
0.687755102040816  0.5914285714285716
0.6877551020408159  0.6034693877551022
0.6846938775510203  0.6018367346938774
0.6883673469387755  0.6036734693877552
0.6736734693877554  0.5981632653061227
0.6822448979591839  0.5889795918367347
0.6922448979591834  0.5889795918367347
0.6975510204081634  0.5857142857142857
0.6948979591836735  0.5736734693877549
0.6977551020408163  0.5497959183673469
0.680612244897959  0.5448979591836733
0.6779591836734695  0.5597959183673467
0.6848979591836736  0.5485714285714285
0.6816326530612246  0.544081632653061
0.6761224489795922  0.547755102040816
0.6936734693877551  0.5395918367346936
0.6887755102040817  0.5353061224489793
0.686734693877551  0.5216326530612242
0.6851020408163266  0.5183673469387755
0.6908163265306125  0.49693877551020377
0.6924489795918368  0.4999999999999999
0.6930612244897962  0.5008163265306123
0.6916326530612245  0.4867346938775508
0.6897959183673472  0.46346938775510205
0.6955102040816328  0.44142857142857145
0.6957142857142861  0.42897959183673456
0.6853061224489799  0.410408163265306
0.6942857142857144  0.3989795918367345
