0.0  0.0
0.0  0.0
0.13710682490652384  0.08371990376117511
0.3081446213793098  0.40238865880815916
0.2665829648208099  0.41600254440982953
0.3830331662771469  0.5174070295343329
0.4137558732122958  0.7342909154429461
0.348802782254654  0.6300448913450881
0.24485610662208449  0.6065042088940729
0.4096095575158424  0.9174994591178801
0.4278492323708932  0.9195271774429045
0.21442728330066638  0.46352079607044516
0.48625531022511453  0.9161656451951795
0.43894754363422706  0.9229541125568853
0.26586678256269347  0.6279063326670388
0.3696868014565381  0.7589105015509418
0.4532054428622074  1.0214841546929445
0.3809864598292147  0.8762754426667224
0.28367779418659766  0.7562312156689366
0.43713341621637025  1.158182170113023
0.4813078449516929  1.1230291524454799
0.2149895861348786  0.5524898820517805
0.3914312473707197  1.0887902167076837
0.37125767624054873  1.1134244316833077
0.23758740961573602  0.8250168957203029
0.32203403869274644  1.0730675430305803
0.3739316693131271  1.3207798532671788
0.30083562680193326  1.1273459300815014
0.23433868790454385  0.8825199860877504
0.40859090705305495  1.3207673321608593
0.4023296181734644  1.2660558544903444
0.20815653204249465  0.6560248022382801
0.4412481008253361  1.289692133276587
0.5546420663080114  1.3309927129261812
0.3813395371600022  0.8780143561744052
0.47458088090695016  1.0791635239311888
0.5416553498053678  1.2567559939258073
0.4519872208979518  0.9892146513818714
0.3859112912993222  0.8415597994683235
0.5659053405793294  1.3120959884763033
0.5696715057279241  1.3242671914710948
0.2770904483845146  0.6936062788172207
0.542066085738703  1.3628583725606853
0.509306816429315  1.353123707669528
0.3438307218966389  0.8844348935548607
0.4208146825594325  1.1718070901357662
0.4962809506535801  1.3518935945752824
0.409155138953266  1.1135959474860349
0.3220960937097479  0.9126467186241218
0.5216395234756278  1.2720853815823616
0.5291228615711435  1.2655043594310362
