0.0  0.0
0.0  0.0
0.0  0.0
0.6333333333333333  0.26666666666666666
0.9  0.4666666666666667
1.0  0.7
1.0  1.0
1.0  1.0
1.0  0.9333333333333333
1.0  0.9333333333333333
1.0  0.9333333333333333
0.35839026061089513  0.3301447060057519
0.33850802274928277  0.2883954635049926
0.28473013693182464  0.2584193694356945
0.2903564118358703  0.2455181701564513
0.27505508036526394  0.22621071675798943
0.29528382101950995  0.21611625800669093
0.28979021683232553  0.22426100481551675
0.2856061185207681  0.23269001300186729
0.2748783932610506  0.2388853740826063
0.28941996330397335  0.24209327793876154
0.3017160184977585  0.285140787599231
0.3008036712437224  0.28853015479630695
0.32080530752793046  0.2658915583320024
0.305612354665579  0.2661807382680072
0.3141228240790442  0.30893314654248477
0.3107183799384598  0.3056229399581207
0.32854244963847895  0.316478021011977
0.37572803431325064  0.37190603952763224
0.40687088917130027  0.43482359792133984
0.4376289777349799  0.4993728817912814
0.4279280554724228  0.48206186973059034
0.3981951218189165  0.44901535225165
0.4311343542129857  0.4782112090611601
0.42773166508227006  0.4880729778384625
0.4294713632586392  0.5047213919452577
0.425785940031792  0.46385656791160607
0.434334409130387  0.47954677606101426
0.43446036629689666  0.4890183587564278
0.42884830176523614  0.5062382836360173
0.43654212650587193  0.5024602707602095
0.43495666049342735  0.5347408008425043
0.45172391837796694  0.4765513597253545
0.42223432037434183  0.47729289279372356
0.441723118140747  0.4649816661399114
0.4339252924764602  0.4905159908214551
0.45561575954636846  0.4742228405292544
0.400262103845068  0.4616556625643565
0.39780193743515196  0.5153233856102116
0.3683901477713327  0.4709081507422231
0.38763871110742953  0.4732284733236805
