0.0  0.0
0.0  0.0
0.0  0.0
0.0  0.0
0.0  0.0
0.0  0.0
0.0  0.0
0.0  0.0
0.0  0.0
0.0  0.0
0.0  0.0
0.41809523809523796  0.43989071038251365
0.3923809523809523  0.38333333333333336
0.41952380952380947  0.3661764705882353
0.39999999999999997  0.37333333333333324
0.43999999999999984  0.3776190476190476
0.4033333333333333  0.4076190476190476
0.35619047619047617  0.3395238095238095
0.36476190476190473  0.37666666666666665
0.4319047619047618  0.38857142857142846
0.3914285714285714  0.3995238095238094
0.3742857142857142  0.36
0.3985714285714285  0.3957142857142857
0.3557142857142856  0.3776190476190475
0.37476190476190474  0.33904761904761904
0.37047619047619046  0.32428571428571434
0.3623809523809523  0.3371428571428571
0.34476190476190466  0.34809523809523807
0.3214285714285714  0.3028571428571429
0.2742857142857143  0.2747619047619048
0.2766666666666666  0.25142857142857145
0.2780952380952381  0.25999999999999995
0.2947619047619048  0.2752380952380952
0.26666666666666666  0.26047619047619036
0.27714285714285725  0.2771428571428571
0.27666666666666667  0.26809523809523805
0.28714285714285703  0.28857142857142853
0.2704761904761905  0.28476190476190477
0.24190476190476193  0.2914285714285714
0.25523809523809526  0.2809523809523809
0.24333333333333332  0.24857142857142853
0.25523809523809526  0.2495238095238094
0.2480952380952381  0.2861904761904761
0.2780952380952381  0.2914285714285713
0.2914285714285714  0.3104761904761904
0.32190476190476175  0.279047619047619
0.3142857142857141  0.288095238095238
0.3609523809523808  0.30571428571428566
0.3257142857142857  0.25999999999999995
0.36238095238095247  0.29190476190476183
0.3328571428571429  0.29476190476190467
