0.0  0.0
0.27835051546391765  0.27083333333333337
0.29494949494949496  0.2886297376093295
0.317893217893218  0.3789999999999999
0.33593073593073614  0.3911428571428571
0.0  0.0
0.28571428571428575  0.30000000000000043
0.2842565597667639  0.30185714285714316
0.3164723032069971  0.32014285714285723
0.3370851370851374  0.36485714285714294
0.33924963924963947  0.40328571428571447
0.34430014430014444  0.45628571428571435
0.3569985569985569  0.4758571428571428
0.37619047619047635  0.5122857142857143
0.3799422799422796  0.5415714285714286
0.37979797979797986  0.5505714285714287
0.3658008658008657  0.5672857142857142
0.3738816738816739  0.5739999999999998
0.37792207792207805  0.5895714285714286
0.3883116883116881  0.5868571428571429
0.3899999999999999  0.6092857142857143
0.3871428571428571  0.6172857142857142
0.3897142857142858  0.6142857142857142
0.3925714285714285  0.6207142857142857
0.38842857142857157  0.6117142857142858
0.37699999999999995  0.6408571428571429
0.37028571428571433  0.6752857142857144
0.37542857142857133  0.678
0.37471428571428556  0.6764285714285712
0.37528571428571406  0.6925714285714285
