0.0  0.0
0.0  0.0
0.032857142857142856  9.523809523809524E-4
0.10476190476190476  0.029999999999999995
0.1895238095238095  0.11
0.20095238095238094  0.14476190476190479
0.1957142857142857  0.16333333333333336
0.21428571428571422  0.2219047619047619
0.2414285714285714  0.19142857142857145
0.2566666666666666  0.2147619047619048
0.2319047619047619  0.23476190476190478
0.3152380952380952  0.23666666666666666
0.2976190476190476  0.2680952380952381
0.3504761904761903  0.28095238095238084
0.33523809523809517  0.28761904761904755
0.3452380952380951  0.2709523809523809
0.3357142857142856  0.2947619047619046
0.39666666666666656  0.3176190476190476
0.3919047619047617  0.33428571428571424
0.3795238095238094  0.2804761904761904
0.33761904761904754  0.27571428571428563
0.36095238095238086  0.2999999999999999
0.40238095238095234  0.29809523809523797
0.39095238095238083  0.3209523809523809
0.3733333333333332  0.2909523809523809
0.4252380952380952  0.39380952380952366
0.48666666666666686  0.4276190476190474
0.4828571428571428  0.4376190476190474
0.5023809523809524  0.416190476190476
0.5014285714285713  0.40952380952380935
0.49809523809523787  0.5114285714285712
0.5280952380952378  0.516190476190476
0.5423809523809523  0.4990476190476188
0.5433333333333331  0.5266666666666665
0.5576190476190475  0.5666666666666665
0.5785714285714286  0.5623809523809522
0.5147619047619049  0.49380952380952364
0.4876190476190475  0.49333333333333323
0.4657142857142857  0.47095238095238073
0.4542857142857143  0.48095238095238096
0.49190476190476196  0.47857142857142837
0.4780952380952382  0.48809523809523797
0.4595238095238096  0.46476190476190476
0.4795238095238096  0.4795238095238095
0.40380952380952384  0.4409523809523808
0.4095238095238096  0.4442857142857142
0.3952380952380953  0.4280952380952379
0.37428571428571433  0.40571428571428564
0.37523809523809526  0.3533333333333332
0.33714285714285713  0.3614285714285714
0.3352380952380952  0.3509523809523809
