1.0  1.0
1.0  1.0
1.0  1.0
0.9644444444444444  0.9333333333333333
0.8888888888888888  0.902337606837607
0.81  0.8474358974358974
0.7366666666666667  0.83
0.731111111111111  0.7822222222222223
0.6755555555555557  0.7233333333333335
0.6900000000000001  0.7000000000000001
0.6322222222222222  0.6755555555555557
0.5844444444444447  0.6188888888888889
0.5955555555555557  0.6466666666666667
0.6177777777777779  0.6733333333333335
0.6377777777777779  0.6833333333333333
0.6055555555555556  0.6966666666666667
0.6166666666666667  0.6911111111111111
0.6599999999999999  0.718888888888889
0.6455555555555555  0.6855555555555555
0.6022222222222222  0.6711111111111111
0.6122222222222222  0.6766666666666669
0.6033333333333334  0.6866666666666669
0.5833333333333335  0.6400000000000001
0.6222222222222222  0.72
0.6255555555555556  0.7588888888888888
0.62  0.7144444444444444
0.6433333333333332  0.7088888888888889
0.6477777777777779  0.6977777777777778
0.6255555555555556  0.6666666666666665
0.6366666666666666  0.6333333333333332
0.6266666666666666  0.6088888888888889
0.6244444444444442  0.611111111111111
0.6222222222222221  0.6333333333333333
0.63  0.6277777777777778
0.6288888888888888  0.6177777777777778
0.6277777777777775  0.6222222222222221
0.6211111111111108  0.6266666666666667
0.6266666666666665  0.6099999999999999
0.6444444444444443  0.6233333333333333
0.6299999999999998  0.6022222222222222
0.6211111111111111  0.6166666666666666
0.6288888888888888  0.5888888888888889
0.6222222222222222  0.6011111111111113
0.6166666666666665  0.59
0.5811111111111111  0.5833333333333335
0.5877777777777776  0.5755555555555555
0.5733333333333331  0.6000000000000002
0.601111111111111  0.6288888888888892
0.6133333333333333  0.6055555555555557
0.6077777777777779  0.6433333333333334
0.603333333333333  0.6577777777777777
