1.0  1.0
1.0  1.0
1.3167346938775508  1.3793877551020408
1.161224489795918  1.207959183673469
0.9420408163265305  0.9193877551020406
1.0377551020408162  0.8883673469387757
1.1716326530612242  0.8885714285714293
0.9165306122448972  0.7430612244897955
0.823061224489795  0.616326530612245
1.0691836734693871  0.7367346938775512
1.0844897959183672  0.7181632653061223
0.7665306122448973  0.49326530612244884
1.1024489795918357  0.7022448979591834
1.139183673469387  0.673673469387755
0.9436734693877544  0.5087755102040814
1.044489795918367  0.5389795918367347
1.1710204081632642  0.5491836734693877
1.0706122448979587  0.5085714285714287
0.9279591836734685  0.4485714285714286
1.152857142857142  0.5285714285714285
1.1630612244897949  0.5332653061224489
0.8075510204081627  0.357142857142857
1.1538775510204076  0.5057142857142858
1.155102040816326  0.47387755102040824
0.9479591836734687  0.32877551020408163
1.051836734693877  0.4108163265306124
1.187551020408163  0.46183673469387754
1.0955102040816322  0.3661224489795918
0.958775510204081  0.35918367346938773
1.205918367346938  0.43612244897959185
1.219183673469387  0.406326530612245
0.852448979591836  0.2861224489795917
1.2314285714285713  0.4126530612244899
1.2414285714285715  0.399795918367347
1.023673469387755  0.26775510204081626
1.1299999999999994  0.31265306122448966
1.2436734693877547  0.37510204081632664
1.1220408163265303  0.31714285714285706
0.9830612244897955  0.27469387755102037
1.2232653061224488  0.37040816326530607
1.2363265306122442  0.32571428571428596
0.8687755102040808  0.22081632653061212
1.243877551020408  0.3036734693877553
1.2614285714285716  0.2710204081632651
1.0155102040816322  0.21775510204081613
1.1338775510204082  0.27306122448979575
1.2577551020408166  0.2855102040816325
1.1371428571428568  0.24734693877551003
1.0195918367346934  0.20836734693877537
1.268163265306122  0.2536734693877549
1.251836734693877  0.2583673469387753
