1.0  1.0
1.0  1.0
0.9957142857142856  0.9959183673469388
0.9091836734693878  0.8281632653061219
0.8638775510204084  0.8122448979591832
1.0  1.0
1.0  1.0
0.9959183673469388  0.9961224489795918
0.9120408163265308  0.953265306122449
0.8897959183673473  0.8524489795918366
0.8918367346938777  0.7787755102040815
0.8781632653061222  0.72
0.8428571428571423  0.6746938775510206
0.8071428571428564  0.6238775510204082
0.8028571428571423  0.5877551020408163
0.7938775510204076  0.5751020408163265
0.8206122448979585  0.5418367346938772
0.8087755102040812  0.5314285714285711
0.80469387755102  0.5069387755102039
0.7908163265306123  0.5020408163265302
0.7967346938775514  0.4714285714285713
0.8008163265306122  0.4669387755102041
0.7861224489795916  0.46775510204081616
0.7851020408163264  0.4518367346938774
0.7861224489795918  0.4563265306122449
0.8028571428571429  0.42469387755102045
0.8087755102040814  0.3840816326530613
0.8040816326530611  0.38081632653061226
0.799795918367347  0.3848979591836735
0.7989795918367344  0.36244897959183664
