0.0  0.0
0.0  0.0
0.008170310164430618  0.0078520131443149
0.13481529236152195  0.2414236578667658
0.18496753030924915  0.2600417889812252
0.0  0.0
0.0  0.0
0.007893938976323695  0.007317029095065735
0.09229383975562486  0.07679119847419384
0.12750117267648228  0.22281662947678074
0.13037991134140753  0.3232950240417886
0.14949584779489442  0.4035434249214273
0.1948461521242824  0.4535953147168117
0.23331520656227092  0.5089474203104577
0.24307533623031616  0.545133001044641
0.25416085675559763  0.5523719473920712
0.22927021364148423  0.579632384359551
0.24902258206791383  0.5882441308973269
0.2581945884593268  0.6130321786209261
0.2796774372078289  0.6137635972479767
0.27507441748332007  0.6396234642057983
0.27262677344949365  0.6463838567600662
0.28473698517053725  0.6411110231715235
0.2873046667645715  0.6516488104344148
0.2884739371758946  0.6396279017083071
0.2696345958502577  0.6678478999462252
0.2627452886848961  0.7021829596445336
0.2687244358314015  0.7018944177547044
0.271446797568188  0.7027532384904207
0.27481046582493535  0.7213520805492565
