0.0  0.0
0.0  0.0
0.02861111111111111  0.18666666666666665
0.21338251371270242  0.2821645021645022
0.2860888892101176  0.2510754150764503
0.275632969071188  0.2982385589226037
0.25562508081860946  0.28393190389056133
0.2305028103105691  0.27448769007788293
0.2620433042038671  0.32615000167083147
0.24774728722441178  0.3300740261008779
0.28609887226917036  0.31295976843888273
0.3070640467840164  0.3221348110174321
0.2989698936630578  0.3017646293006117
0.2910081076740955  0.3072006029895349
0.266670150000001  0.2933400434561425
0.2776165239542686  0.3160501180094041
0.31145879946230914  0.2830675789630204
0.26401814283080255  0.27392623188852566
0.2755224042021482  0.2763938734366047
0.263682187584194  0.3320368151864814
0.23888936175574108  0.3536808549183784
0.267534230178977  0.30918570574641385
0.2715016991902578  0.3701672449022598
0.28612147417256495  0.28457625736975284
0.27043853351303615  0.31253222592987673
0.2891675378926187  0.257258019414621
0.2862011067003421  0.2422758144198514
0.30020245049133665  0.2592980841148543
0.26265350940313315  0.26769187016781826
0.270798056042718  0.24787742031677118
0.2842068294574684  0.24584184883613175
0.264192525869039  0.21522159913496897
0.2892335563090036  0.21740272671431457
0.29914487999882383  0.21875904162111856
0.2843910612760801  0.2465759694434448
0.32342870842741445  0.2696696592172339
0.34646033837858164  0.309976011583455
0.3460962471220748  0.37105950602204935
0.37527481781948424  0.3820719452369314
0.4047633615287447  0.4448858942866138
0.3705665805165221  0.38698455501423124
0.39408315194356813  0.39444558293928356
0.3853755837214014  0.40303167176290716
0.35896964957806765  0.4044904459908488
0.3855183667767181  0.4063593032957243
0.3922030895404613  0.4253893237139977
0.4191738675944994  0.45634938394283925
0.45373084231573113  0.4820674702412822
0.4721031636989863  0.5185533343864156
0.5115424390376361  0.5059192443500978
0.5063173327485065  0.49572473902296404
