0.0  0.0
0.0  0.0
0.10846958468002804  0.06668417740702393
0.2874086939478533  0.31443062603542243
0.2306385638519415  0.3074317594084261
0.28508963917873736  0.5334826353648805
0.2993324146402129  0.71226499386439
0.4047961394289126  0.6782187769232094
0.35337798470513443  0.644034821929207
0.4099816490980614  0.8323183623283407
0.4078592275082877  0.8485465097415842
0.28715540079397095  0.6050263689332465
0.399726877478297  0.8676484001039028
0.3701836614881624  0.8871062905686316
0.2607839985932268  0.7299881756796688
0.31165598156992147  0.8375054885779623
0.3321694434614578  0.9658290749006712
0.2849299865966015  0.8613071357431658
0.2805845887143457  0.7564050695052567
0.36153363275025674  0.961298396086472
0.3584958500782508  0.9603848972617854
0.253980711782721  0.6760250628441034
0.36255451424189833  0.9604598235053045
0.36385300333699955  0.9826423961204114
0.2641704025992914  0.8183262678539814
0.31654926456662186  0.8840034669147715
0.3323049015501767  0.975163882093139
0.2657933086964908  0.9189628725693343
0.25674682266700316  0.7831551941996167
0.3149253901026377  0.9941487327431942
0.2971142839209793  1.0117225964090462
0.21078824829975432  0.7089762833555621
0.28506864540116167  1.0131769835041458
0.27522643804935376  1.0161625389016584
0.17668937314502237  0.8587575526827717
0.22784645613353982  0.963207032921693
0.2703243688130126  1.0427857650633239
0.2384890200957406  0.9505952418274141
0.2315319305590439  0.8443879141822778
0.2965419800539798  1.0325137769297623
0.2791228917352684  1.0665939764582775
0.1924903219200445  0.7461019401694147
0.270822801517814  1.0683267163863086
0.24511912176863432  1.101666889638032
0.18807475375562846  0.8911206138650193
0.22539838170991133  0.974628469848633
0.25333281097480864  1.0963703519846024
0.22112019375643552  0.9908675962603789
0.18527266511114046  0.8824310396998034
0.24064581168528193  1.1121630227662875
0.2618297043422159  1.102175607226582
