0.25  0.25
0.3291747193981323  0.32356397561515793
0.37545798678889264  0.36064871433711043
0.40088797352457833  0.38233679107034957
0.4221860769390375  0.4010377850255086
0.4356991244775113  0.41754273594340735
0.4422535100727349  0.43066888941853
0.4487846429955981  0.4360199093796203
0.4563964385843873  0.4430941766943646
0.4604038391479546  0.44793188814745033
0.4642736407562664  0.4544318962742583
0.4658772772873591  0.46047692950087415
0.4672295369393937  0.4663839223985175
0.467937190139665  0.4711702458939629
0.46806839389086546  0.47642021771383014
0.46876358687453545  0.48075535739454456
0.4697516260001461  0.4842665059279746
0.47070863750036823  0.4868563466491604
0.4714261172400648  0.4888255353890014
0.47193759157915477  0.49062307024625024
0.4716653485552958  0.49182302710579034
0.4714880330441442  0.49289417787139733
0.47136935954257214  0.4939170094505393
0.4717150110499199  0.49437195223001035
0.4720684220389917  0.49466907232653123
0.4712916196067121  0.49501448200147846
0.4709077460540078  0.4953717801477709
0.47053217328854496  0.4956778074329505
0.47029377912835657  0.4960586166538422
0.4699877513535351  0.49656527918179416
0.46973749510619817  0.4969004519352673
0.46959503599360897  0.4971084365038493
0.4696127587576809  0.4976521783769876
0.4694336205589443  0.4983984654152402
0.4691564735577709  0.49921455069617765
0.4687499370200027  0.5001769914298642
0.46841720976296025  0.500927762855525
0.467989254497254  0.50159363412076
0.4676725638270419  0.502180209365299
0.4674420313171438  0.5026671945516403
0.46719923150811493  0.5030949385337892
0.4668633028529556  0.5035121393465066
0.4665729055992556  0.5039718897916876
0.4662439989271904  0.5043947243433392
0.46576801632768033  0.5046725200287343
0.465283451466124  0.5049484356512646
0.46479243966095624  0.505107442917849
0.46433296457184814  0.505125734060227
0.46394162993135674  0.5050641147076106
0.4636092954896911  0.5049910911599527
0.4633108457083629  0.504985723927299
