-1.0  -1.0
-1.0  -1.0
-1.0  -1.0
-1.0  -1.0
-1.0  -1.0
-1.0  -1.0
-1.0  -1.0
-1.0  -1.0
-1.0  -1.0
-1.0  -1.0
-1.0  -1.0
0.013442125597093737  -0.05099213039715482
0.02110576732548334  -0.030550359965675192
-0.03653774023065177  -0.04655189202182702
-0.03462743975309447  -0.06279545644202926
-0.04529475146647184  -0.08202056431777636
-0.018308176136515784  -0.10504707223508138
-0.01699835532622751  -0.07168496782511752
-0.013061713432358684  -0.07192752918322848
-0.035849720642607795  -0.06793520903460398
-0.0066408540696714525  -0.07984554172919704
0.018044963536785374  -0.041013278850658814
0.014411884269061741  -0.03153527899690532
0.024535976662865385  -0.08667860528573702
0.0015352140581027416  -0.08779995386358
0.01216446538143357  -0.026166867197884656
-6.50215431826912E-4  -0.03484386894137686
0.01482386973398473  -0.03198436838187398
0.06648871719623382  0.04862673063339937
0.10536858271033653  0.11820521417482524
0.12269606347721239  0.1778756309086888
0.12020593755648938  0.16409516648616218
0.09849606230254244  0.12295687154303023
0.12608903671326135  0.14975188331516137
0.11686964570661623  0.1473474193510488
0.1189085119997014  0.15758726816376026
0.11525094724172869  0.12260321649942116
0.12707236070426914  0.14378333637318985
0.135258496891275  0.13089123761197102
0.13378773819831222  0.16203311353002123
0.15192831700070394  0.17555601358260933
0.13660735425672718  0.20653100458477744
0.152889652560598  0.14831744255221177
0.12268479529317929  0.1520332265463496
0.14610999707334732  0.13773882782425492
0.11282137941925491  0.17647389774685304
0.13760499395744746  0.14459431947344953
0.05934380909971316  0.10440183650840068
0.07857173635020424  0.17759221323839355
0.043251489685590346  0.10838644761652404
0.0770825568847692  0.09480540976540004
