1.0  1.0
1.0  1.0
0.991111111111111  0.9866666666666666
0.9055555555555553  0.9444444444444444
0.7866666666666666  0.8733333333333334
0.8022222222222222  0.8399999999999999
0.8077777777777779  0.8366666666666667
0.8011111111111112  0.7844444444444444
0.7777777777777778  0.781111111111111
0.7755555555555554  0.7366666666666667
0.8122222222222221  0.7377777777777778
0.7511111111111112  0.7322222222222223
0.7577777777777778  0.7255555555555555
0.7211111111111111  0.7055555555555556
0.7222222222222222  0.7277777777777779
0.7044444444444442  0.7444444444444444
0.6955555555555554  0.741111111111111
0.6977777777777778  0.6777777777777776
0.7177777777777778  0.6577777777777777
0.7233333333333334  0.6955555555555556
0.7522222222222222  0.7355555555555556
0.7155555555555555  0.7211111111111113
0.6888888888888889  0.6855555555555556
0.7033333333333334  0.7122222222222222
0.7166666666666667  0.7211111111111111
0.6777777777777777  0.6744444444444445
0.6333333333333334  0.6666666666666666
0.6355555555555557  0.6488888888888888
0.6288888888888889  0.6466666666666665
0.6311111111111111  0.6822222222222222
0.6077777777777779  0.6444444444444444
0.6011111111111112  0.6544444444444445
0.5922222222222223  0.6733333333333335
0.577777777777778  0.6500000000000001
0.558888888888889  0.621111111111111
0.5100000000000002  0.6344444444444444
0.558888888888889  0.6799999999999999
0.5644444444444445  0.6355555555555557
0.5833333333333335  0.6833333333333332
0.5977777777777777  0.6677777777777778
0.568888888888889  0.7
0.5977777777777777  0.6955555555555556
0.6122222222222223  0.6977777777777778
0.6133333333333335  0.7133333333333333
0.6399999999999999  0.7333333333333331
0.6422222222222221  0.7166666666666667
0.6500000000000001  0.6844444444444444
0.6599999999999999  0.6888888888888887
0.6588888888888889  0.6999999999999998
0.6666666666666667  0.6811111111111111
0.6844444444444445  0.6877777777777777
