0.0  0.0
0.0  0.0
0.2762626262626263  0.03095238095238095
0.5199711399711399  0.18142857142857136
0.44285714285714267  0.3180952380952381
0.5338095238095235  0.4019047619047617
0.6223809523809521  0.5190476190476189
0.4599999999999997  0.4323809523809521
0.34476190476190466  0.2880952380952381
0.5285714285714284  0.5047619047619046
0.5447619047619044  0.5104761904761902
0.26095238095238094  0.2704761904761905
0.5214285714285711  0.5123809523809522
0.4571428571428568  0.4828571428571426
0.287142857142857  0.2942857142857144
0.3428571428571427  0.3804761904761904
0.33809523809523767  0.4566666666666664
0.26142857142857134  0.37904761904761897
0.21761904761904757  0.26952380952380955
0.32904761904761876  0.42952380952380925
0.3471428571428568  0.45428571428571396
0.19523809523809516  0.24047619047619054
0.3799999999999997  0.4676190476190473
0.40666666666666634  0.49333333333333296
0.2314285714285714  0.28095238095238084
0.28571428571428553  0.3547619047619045
0.3319047619047616  0.4071428571428568
0.3157142857142855  0.3304761904761903
0.24571428571428564  0.26380952380952377
0.37761904761904724  0.41238095238095196
0.37761904761904724  0.4404761904761901
0.149047619047619  0.20095238095238088
0.3266666666666663  0.43666666666666626
0.32809523809523783  0.41380952380952346
0.23666666666666653  0.270952380952381
0.29761904761904745  0.33952380952380945
0.43666666666666637  0.45095238095238066
0.3833333333333331  0.4180952380952378
0.29095238095238085  0.30190476190476173
0.3857142857142854  0.4199999999999997
0.3880952380952378  0.4252380952380949
0.19142857142857134  0.1871428571428571
0.38047619047619013  0.3904761904761902
0.38285714285714256  0.4038095238095235
0.26190476190476175  0.2766666666666665
0.2852380952380952  0.30428571428571416
0.37095238095238064  0.4119047619047616
0.30095238095238075  0.33999999999999986
0.24857142857142847  0.25238095238095226
0.4119047619047616  0.4514285714285711
0.4076190476190474  0.4452380952380948
