0.0  0.0
0.6875  0.6999999999999996
1.253125  1.3960000000000001
1.152972222222222  1.3683333333333334
0.7316666666666667  0.8266666666666668
0.9416666666666667  1.0333333333333334
1.115  1.253
0.9596666666666669  1.0490000000000002
0.7716666666666665  0.9086666666666667
1.1643333333333332  1.330333333333334
1.1576666666666668  1.3283333333333331
0.5856666666666668  0.6593333333333333
1.1853333333333331  1.3330000000000006
1.2053333333333334  1.3460000000000003
0.8050000000000002  0.9109999999999997
1.0276666666666667  1.1233333333333333
1.2786666666666664  1.3913333333333333
1.0766666666666669  1.1716666666666669
0.8500000000000001  0.9769999999999999
1.2759999999999996  1.469
1.2779999999999996  1.4379999999999997
0.6196666666666667  0.7103333333333335
1.238  1.4156666666666669
1.2166666666666666  1.403
0.8316666666666668  0.9913333333333332
1.0483333333333338  1.2576666666666667
1.2613333333333332  1.535
1.0240000000000002  1.2949999999999997
0.8203333333333335  1.0266666666666666
1.237666666666667  1.5326666666666666
1.2353333333333336  1.4950000000000003
0.6426666666666666  0.7673333333333332
1.2759999999999998  1.5086666666666673
1.2989999999999995  1.537333333333333
0.8573333333333334  1.0273333333333334
1.0703333333333334  1.275
1.2289999999999996  1.4876666666666667
1.0136666666666665  1.1913333333333336
0.8276666666666668  0.9900000000000001
1.2696666666666665  1.519666666666667
1.2686666666666662  1.5246666666666664
0.6330000000000002  0.7803333333333333
1.2626666666666668  1.545666666666666
1.2493333333333336  1.536
0.8300000000000001  1.0143333333333335
1.0610000000000004  1.3196666666666668
1.2506666666666666  1.5360000000000005
1.0470000000000002  1.2749999999999997
0.8306666666666664  1.0379999999999998
1.2346666666666666  1.4773333333333332
1.2389999999999997  1.4769999999999999
