0.0  0.0
0.0  0.0
0.003448275862068966  0.0
0.13399014778325125  0.13761904761904767
0.1817733990147784  0.13428571428571426
0.0  0.0
0.0  0.0
0.015306122448979588  0.002857142857142857
0.11224489795918362  0.04190476190476192
0.1152709359605911  0.12809523809523807
0.10295566502463052  0.1719047619047618
0.1187192118226601  0.13238095238095238
0.16059113300492622  0.1728571428571427
0.18128078817733997  0.16999999999999993
0.17881773399014778  0.15666666666666665
0.20098522167487687  0.15619047619047613
0.18423645320197043  0.178095238095238
0.18522167487684735  0.17999999999999997
0.18128078817734003  0.18523809523809517
0.17931034482758634  0.20571428571428557
0.17428571428571418  0.20238095238095224
0.17428571428571418  0.1861904761904761
0.1999999999999998  0.19428571428571415
0.19285714285714267  0.20999999999999985
0.20428571428571415  0.2295238095238094
0.20333333333333317  0.2061904761904761
0.21190476190476173  0.1861904761904761
0.20571428571428557  0.18476190476190466
0.21809523809523793  0.18047619047619037
0.21809523809523793  0.17904761904761896
